Date	SWISS CONFEDERATION BOND 10 YEAR - RED. YIELD	SWISS CONFEDERATION BOND 1 YEAR - RED. YIELD	SWISS CONFEDERATION BOND 15 YEAR - RED. YIELD	SWISS CONFEDERATION BOND 2 YEAR - RED. YIELD	SWISS CONFEDERATION BOND 20 YEAR - RED. YIELD	SWISS CONFEDERATION BOND 3 YEAR - RED. YIELD	SWISS CONFEDERATION BOND 30 YEAR - RED. YIELD	SWISS CONFEDERATION BOND 4 YEAR - RED. YIELD	SWISS CONFEDERATION BOND 5 YEAR - RED. YIELD	SWISS CONFEDERATION BOND 6 YEAR - RED. YIELD	SWISS CONFEDERATION BOND 7 YEAR - RED. YIELD	SWISS CONFEDERATION BOND 8 YEAR - RED. YIELD	SWISS CONFEDERATION BOND 9 YEAR - RED. YIELD
1988-06-30	4.155	3.642	4.298	3.707	4.38	3.764	NA	3.83	3.897	3.96	4.017	4.069	4.115
1988-07-29	4.222	4.161	4.225	4.195	4.226	4.206	NA	4.212	4.215	4.218	4.219	4.221	4.222
1988-08-31	4.292	4.044	4.432	3.959	4.498	3.943	NA	3.981	4.037	4.096	4.153	4.204	4.251
1988-09-30	4.257	3.814	4.339	3.798	4.381	3.871	NA	3.962	4.041	4.105	4.156	4.197	4.23
1988-10-31	4.014	4.108	4.186	4.157	4.406	4.089	NA	4.025	3.986	3.967	3.965	3.974	3.991
1988-11-30	4.042	4.506	4.222	4.29	4.387	4.144	NA	4.054	4.003	3.981	3.979	3.991	4.013
1988-12-30	4.107	4.691	4.254	4.425	4.374	4.24	NA	4.131	4.074	4.05	4.048	4.06	4.081
1989-01-31	4.517	5.651	4.472	5.14	4.45	4.862	NA	4.727	4.653	4.606	4.574	4.55	4.531
1989-02-28	4.719	6.079	4.65	5.522	4.615	5.202	NA	5.03	4.926	4.857	4.808	4.771	4.742
1989-03-31	4.798	5.993	4.746	5.473	4.72	5.179	NA	5.035	4.954	4.901	4.864	4.836	4.815
1989-04-28	5.054	6.443	5.058	5.845	5.061	5.439	NA	5.231	5.132	5.086	5.066	5.058	5.055
1989-05-31	5.242	7.446	5.176	6.476	5.143	5.926	NA	5.639	5.483	5.392	5.334	5.294	5.265
1989-06-30	5.105	6.922	5.186	6.019	5.229	5.455	NA	5.178	5.066	5.035	5.041	5.06	5.083
1989-07-31	5.173	6.397	5.208	5.618	5.226	5.273	NA	5.153	5.123	5.125	5.136	5.15	5.162
1989-08-31	5.195	7.07	5.241	6.145	5.265	5.567	NA	5.297	5.19	5.159	5.158	5.168	5.182
1989-09-29	5.311	7.606	5.323	6.648	5.331	5.979	NA	5.625	5.451	5.37	5.332	5.317	5.312
1989-10-31	5.31	7.534	5.233	6.571	5.195	6.029	NA	5.743	5.581	5.482	5.417	5.371	5.337
1989-11-30	5.437	7.456	5.396	6.45	5.376	5.92	NA	5.689	5.582	5.526	5.491	5.468	5.45
1989-12-29	5.618	8.069	5.577	6.736	5.556	6.128	NA	5.875	5.764	5.707	5.673	5.649	5.632
1990-01-31	6.04	9.093	5.991	7.649	5.967	6.841	NA	6.456	6.269	6.172	6.117	6.082	6.058
1990-02-28	6.292	8.788	6.15	7.785	6.079	7.236	NA	6.918	6.714	6.575	6.474	6.398	6.339
1990-03-30	6.475	8.683	6.405	7.734	6.37	7.163	NA	6.871	6.717	6.627	6.57	6.529	6.499
1990-04-30	6.629	8.971	6.622	7.831	6.619	7.182	NA	6.881	6.745	6.683	6.655	6.641	6.633
1990-05-31	6.3	8.014	6.285	6.923	6.277	6.531	NA	6.402	6.355	6.333	6.321	6.312	6.305
1990-06-29	6.147	8.123	6.119	6.988	6.105	6.508	NA	6.323	6.246	6.208	6.184	6.168	6.156
1990-07-31	6.078	8.263	6.093	6.931	6.1	6.347	NA	6.143	6.08	6.065	6.065	6.069	6.074
1990-08-31	6.484	8.321	6.483	7.38	6.484	6.885	NA	6.665	6.566	6.52	6.5	6.49	6.486
1990-09-28	6.509	7.952	6.497	7.071	6.491	6.717	NA	6.598	6.555	6.536	6.525	6.518	6.513
1990-10-31	6.491	7.796	6.472	6.983	6.463	6.695	NA	6.595	6.553	6.531	6.516	6.506	6.498
1990-11-30	6.563	8.36	6.527	7.363	6.51	6.923	NA	6.753	6.677	6.635	6.609	6.589	6.574
1990-12-31	6.601	8.152	6.615	7.358	6.623	6.927	NA	6.728	6.643	6.609	6.598	6.596	6.598
1991-01-31	6.415	7.755	6.43	6.952	6.438	6.574	NA	6.44	6.402	6.395	6.399	6.404	6.41
1991-02-28	6.221	7.66	6.231	6.925	6.237	6.534	NA	6.352	6.271	6.236	6.223	6.219	6.219
1991-03-29	6.155	7.629	6.153	6.702	6.152	6.355	NA	6.231	6.185	6.167	6.16	6.157	6.156
1991-04-30	6.016	7.81	5.979	6.851	5.961	6.424	NA	6.237	6.146	6.096	6.065	6.044	6.028
1991-05-31	5.813	7.544	5.829	6.61	5.838	6.129	NA	5.925	5.844	5.814	5.806	5.806	5.809
1991-06-28	5.971	7.644	6	6.753	6.015	6.25	NA	6.039	5.964	5.945	5.946	5.954	5.963
1991-07-31	5.996	7.451	5.959	6.695	5.941	6.36	NA	6.204	6.123	6.076	6.045	6.024	6.008
1991-08-30	6.107	7.501	6.06	6.775	6.036	6.463	NA	6.324	6.248	6.2	6.167	6.142	6.122
1991-09-30	6.198	7.39	6.164	6.661	6.146	6.445	NA	6.353	6.301	6.266	6.242	6.223	6.209
1991-10-31	6.698	7.839	6.541	7.26	6.384	7.048	NA	6.944	6.88	6.834	6.795	6.761	6.729
1991-11-29	6.637	7.636	6.658	7.056	6.67	6.809	NA	6.701	6.653	6.634	6.629	6.629	6.633
1991-12-31	6.37	7.415	6.378	6.578	6.382	6.379	NA	6.349	6.35	6.356	6.361	6.365	6.368
1992-01-31	6.175	7.22	6.201	6.627	6.214	6.304	NA	6.179	6.143	6.14	6.147	6.157	6.167
1992-02-28	6.132	7.242	6.11	6.697	6.099	6.419	NA	6.288	6.222	6.186	6.164	6.15	6.14
1992-03-31	6.676	7.917	6.733	6.938	6.762	6.608	NA	6.536	6.546	6.576	6.608	6.635	6.658
1992-04-30	6.545	8.104	6.517	7.228	6.503	6.854	NA	6.705	6.639	6.604	6.581	6.566	6.554
1992-05-29	6.861	8.494	6.906	7.522	6.93	7.071	NA	6.89	6.828	6.815	6.821	6.834	6.848
1992-06-30	6.924	8.513	6.885	7.622	6.865	7.27	NA	7.122	7.048	7.004	6.975	6.953	6.937
1992-07-31	6.867	8.322	6.807	7.65	6.778	7.31	NA	7.143	7.048	6.987	6.944	6.912	6.887
1992-08-31	6.854	7.7	6.838	7.292	6.83	7.061	NA	6.959	6.913	6.889	6.875	6.866	6.859
1992-09-30	6.292	6.959	6.312	6.779	6.33	6.606	NA	6.478	6.393	6.341	6.312	6.298	6.292
1992-10-30	6.092	5.95	6.062	5.821	5.851	5.791	NA	5.816	5.865	5.923	5.979	6.028	6.065
1992-11-30	6.063	6.064	5.961	5.887	5.762	5.845	NA	5.867	5.913	5.963	6.006	6.038	6.056
1992-12-31	5.68	5.797	5.663	5.529	5.526	5.433	NA	5.428	5.466	5.519	5.573	5.619	5.655
1993-01-29	5.539	5.139	5.549	5.114	5.36	5.14	NA	5.195	5.263	5.333	5.399	5.456	5.503
1993-02-26	4.907	4.894	4.895	4.785	4.888	4.826	NA	4.872	4.899	4.911	4.914	4.913	4.91
1993-03-31	4.688	4.509	4.733	4.444	4.756	4.475	NA	4.522	4.566	4.602	4.631	4.654	4.673
1993-04-30	4.845	4.47	4.936	4.267	4.981	4.346	NA	4.473	4.582	4.666	4.729	4.777	4.815
1993-05-31	4.846	4.626	4.985	4.257	5.054	4.239	NA	4.348	4.474	4.584	4.673	4.743	4.8
1993-06-30	4.566	4.54	4.617	4.364	4.643	4.352	NA	4.389	4.432	4.471	4.503	4.529	4.549
1993-07-30	4.546	4.317	4.5	4.259	4.39	4.308	NA	4.376	4.434	4.479	4.51	4.53	4.542
1993-08-31	4.479	4.336	4.453	4.225	4.418	4.268	NA	4.335	4.392	4.432	4.457	4.471	4.478
1993-09-30	4.455	4.213	4.452	4.111	4.379	4.132	NA	4.195	4.264	4.325	4.374	4.411	4.438
1993-10-29	4.208	3.999	4.251	3.888	4.268	3.926	NA	3.993	4.056	4.105	4.142	4.17	4.192
1993-11-30	4.247	3.867	4.328	3.767	4.368	3.831	NA	3.927	4.015	4.087	4.143	4.186	4.22
1993-12-31	4.136	3.552	4.261	3.457	4.321	3.534	NA	3.658	3.781	3.886	3.971	4.039	4.093
1994-01-31	4.206	3.653	4.331	3.543	4.391	3.613	NA	3.733	3.854	3.957	4.042	4.109	4.163
1994-02-28	4.465	3.806	4.591	3.686	4.654	3.807	NA	3.969	4.109	4.22	4.305	4.371	4.423
1994-03-31	4.634	3.941	4.802	3.948	4.889	4.035	NA	4.146	4.258	4.358	4.445	4.519	4.582
1994-04-29	5.062	4.033	5.218	4.193	5.203	4.347	NA	4.49	4.621	4.737	4.839	4.926	5.001
1994-05-31	5.046	4.045	5.223	3.978	5.307	4.131	NA	4.334	4.523	4.681	4.807	4.907	4.984
1994-06-30	5.334	4.367	5.488	4.343	5.565	4.513	NA	4.721	4.897	5.034	5.139	5.219	5.283
1994-07-29	5.273	4.452	5.439	4.449	5.523	4.552	NA	4.701	4.846	4.97	5.071	5.153	5.219
1994-08-31	5.492	4.605	5.637	4.776	5.713	4.919	NA	5.049	5.16	5.253	5.33	5.394	5.447
1994-09-30	5.636	4.535	5.762	4.843	5.821	5.04	NA	5.188	5.306	5.402	5.48	5.543	5.594
1994-10-31	5.594	4.336	5.758	4.761	5.869	5.021	NA	5.188	5.302	5.385	5.45	5.504	5.551
1994-11-30	5.368	4.424	5.445	4.723	5.483	4.915	NA	5.051	5.148	5.218	5.271	5.311	5.343
1994-12-30	5.304	4.586	5.401	4.718	5.45	4.842	NA	4.957	5.051	5.126	5.186	5.234	5.272
1995-01-31	5.322	4.423	5.429	4.64	5.483	4.799	NA	4.932	5.04	5.125	5.192	5.245	5.287
1995-02-28	5.325	4.259	5.44	4.595	5.499	4.791	NA	4.93	5.036	5.12	5.188	5.243	5.288
1995-03-31	5.179	3.812	5.321	4.2	5.393	4.467	NA	4.662	4.808	4.92	5.007	5.077	5.133
1995-04-28	5.033	3.644	5.219	3.955	5.314	4.206	NA	4.41	4.574	4.707	4.815	4.902	4.974
1995-05-31	4.873	3.48	5.063	3.815	5.162	4.069	NA	4.268	4.426	4.554	4.658	4.743	4.814
1995-06-30	4.936	3.322	5.168	3.682	5.289	3.969	NA	4.201	4.39	4.545	4.671	4.776	4.863
1995-07-31	4.859	3.034	5.053	3.46	5.127	3.799	NA	4.069	4.284	4.455	4.592	4.701	4.788
1995-08-31	4.73	3.065	4.993	3.461	5.135	3.748	NA	3.976	4.164	4.319	4.449	4.558	4.651
1995-09-29	4.555	2.58	4.93	2.945	5.129	3.248	NA	3.52	3.761	3.971	4.153	4.308	4.441
1995-10-31	4.38	2.187	4.759	2.758	4.967	3.117	NA	3.392	3.623	3.821	3.992	4.14	4.268
1995-11-30	4.057	1.896	4.322	2.259	4.455	2.68	NA	3.043	3.331	3.554	3.727	3.862	3.97
1995-12-29	4.09	1.783	4.322	2.278	4.43	2.75	NA	3.123	3.405	3.619	3.782	3.909	4.01
1996-01-31	4.437	1.798	4.86	2.242	5.078	2.69	NA	3.092	3.433	3.717	3.951	4.144	4.304
1996-02-29	4.358	1.883	4.878	2.378	5.184	2.779	NA	3.114	3.399	3.645	3.859	4.047	4.212
1996-03-29	4.406	1.829	4.89	2.223	5.144	2.633	NA	3.011	3.344	3.631	3.875	4.082	4.257
1996-04-30	4.329	1.867	4.84	2.17	5.109	2.534	NA	2.896	3.228	3.52	3.773	3.989	4.172
1996-05-31	4.71	2.639	5.157	2.9	5.395	3.2	NA	3.498	3.774	4.019	4.232	4.416	4.574
1996-06-28	4.627	2.594	4.926	2.761	5.076	3.13	NA	3.501	3.813	4.061	4.254	4.407	4.528
1996-07-31	4.561	2.517	4.914	2.73	5.094	3.067	NA	3.401	3.695	3.941	4.144	4.311	4.448
1996-08-30	4.467	2.206	4.871	2.503	5.08	2.871	NA	3.22	3.527	3.788	4.006	4.188	4.34
1996-09-30	4.256	1.772	4.735	2.201	4.988	2.581	NA	2.928	3.237	3.508	3.741	3.94	4.111
1996-10-31	4.166	1.748	4.64	1.997	4.885	2.368	NA	2.743	3.084	3.379	3.63	3.841	4.017
1996-11-29	4.191	2.067	4.616	2.249	4.835	2.565	NA	2.901	3.211	3.479	3.707	3.897	4.057
1996-12-31	4.125	1.723	4.643	2.049	4.919	2.402	NA	2.743	3.056	3.334	3.577	3.787	3.969
1997-01-31	3.959	1.687	4.473	1.98	4.75	2.305	NA	2.625	2.922	3.189	3.424	3.628	3.805
1997-02-28	3.517	1.571	4.096	1.726	4.441	1.968	NA	2.237	2.501	2.749	2.974	3.176	3.356
1997-03-31	3.853	1.72	4.44	1.953	4.793	2.238	NA	2.531	2.811	3.068	3.299	3.506	3.69
1997-04-30	3.769	1.772	4.319	1.862	4.616	2.105	NA	2.397	2.688	2.96	3.203	3.418	3.606
1997-05-30	3.586	1.287	4.175	1.594	4.528	1.937	NA	2.257	2.547	2.806	3.036	3.241	3.423
1997-06-30	3.522	1.406	4.103	1.653	4.435	1.93	NA	2.213	2.484	2.736	2.966	3.173	3.358
1997-07-31	3.585	1.552	4.104	1.743	4.389	2.019	NA	2.307	2.582	2.834	3.06	3.259	3.433
1997-08-29	3.692	1.608	4.19	1.868	4.469	2.174	NA	2.469	2.74	2.981	3.195	3.383	3.548
1997-09-30	3.704	1.718	4.188	2.002	4.47	2.298	NA	2.574	2.822	3.044	3.24	3.414	3.568
1997-10-31	3.719	2.006	4.131	2.24	4.366	2.491	NA	2.73	2.948	3.142	3.315	3.467	3.601
1997-11-28	3.692	1.953	4.098	2.13	4.319	2.386	NA	2.643	2.879	3.089	3.273	3.433	3.572
1997-12-31	3.445	1.658	3.903	1.883	4.167	2.136	4.445	2.384	2.614	2.821	3.006	3.171	3.316
1998-01-30	3.084	1.407	3.593	1.583	3.917	1.809	4.284	2.039	2.256	2.455	2.636	2.801	2.949
1998-02-27	2.964	1.128	3.543	1.369	3.936	1.619	4.408	1.86	2.084	2.291	2.481	2.656	2.816
1998-03-31	3.109	1.568	3.68	1.758	4.065	1.946	4.51	2.131	2.313	2.488	2.657	2.817	2.968
1998-04-30	3.344	1.715	3.888	1.981	4.255	2.205	4.677	2.403	2.585	2.756	2.916	3.068	3.211
1998-05-29	3.179	1.72	3.722	1.921	4.137	2.111	4.712	2.291	2.461	2.622	2.773	2.916	3.051
1998-06-30	3.308	2.117	3.851	2.216	4.228	2.333	4.674	2.466	2.608	2.754	2.899	3.041	3.178
1998-07-31	3.19	1.982	3.722	2.067	4.12	2.198	4.641	2.347	2.499	2.649	2.794	2.932	3.064
1998-08-31	2.988	1.59	3.618	1.756	4.156	1.924	4.703	2.089	2.25	2.407	2.559	2.706	2.849
1998-09-30	3.086	1.722	3.652	1.74	3.964	1.785	4.281	1.922	2.115	2.329	2.542	2.742	2.924
1998-10-30	2.914	1.398	3.483	1.484	3.796	1.573	4.115	1.731	1.934	2.152	2.368	2.569	2.751
1998-11-30	2.659	1.684	3.41	1.747	3.974	1.788	4.651	1.847	1.935	2.05	2.186	2.338	2.497
1998-12-31	2.71	1.753	3.17	1.728	3.425	1.719	4.783	1.805	1.946	2.11	2.276	2.434	2.58
1999-01-29	2.555	1.381	3.264	1.568	3.776	1.656	4.373	1.735	1.831	1.951	2.089	2.24	2.397
1999-02-26	2.55	1.293	3.253	1.491	3.784	1.632	4.426	1.744	1.854	1.974	2.107	2.25	2.399
1999-03-31	2.604	1.375	3.304	1.554	3.815	1.664	4.416	1.764	1.875	2.002	2.143	2.294	2.449
1999-04-30	2.534	1.171	3.194	1.376	3.705	1.537	4.346	1.68	1.819	1.959	2.101	2.245	2.39
1999-05-31	2.72	1.17	3.312	1.41	3.775	1.616	4.414	1.803	1.976	2.139	2.294	2.443	2.585
1999-06-30	2.937	1.588	3.493	1.929	3.97	2.138	4.624	2.282	2.398	2.503	2.608	2.714	2.824
1999-07-30	3.044	1.676	3.563	2.092	4.009	2.299	4.677	2.426	2.528	2.626	2.726	2.83	2.936
1999-08-31	3.169	1.72	3.633	2.204	4.016	2.456	4.529	2.603	2.708	2.799	2.888	2.979	3.073
1999-09-30	3.427	2.11	3.861	2.527	4.199	2.724	4.647	2.845	2.944	3.039	3.135	3.233	3.33
1999-10-29	3.625	2.536	4.054	2.991	4.379	3.104	4.792	3.148	3.196	3.263	3.345	3.436	3.53
1999-11-30	3.69	2.435	4.117	2.834	4.362	2.933	4.614	2.996	3.083	3.196	3.322	3.451	3.575
1999-12-31	3.617	2.17	4.029	2.539	4.276	2.715	4.535	2.851	2.986	3.123	3.257	3.386	3.506
2000-01-31	3.784	2.538	4.128	2.829	4.368	3.027	4.657	3.177	3.302	3.414	3.516	3.611	3.7
2000-02-29	3.868	2.984	4.175	3.25	4.369	3.324	4.581	3.38	3.45	3.532	3.619	3.706	3.79
2000-03-31	4.155	3.459	4.424	3.637	4.572	3.646	4.722	3.67	3.729	3.812	3.903	3.994	4.078
2000-04-28	4.076	3.612	4.295	3.765	4.465	3.799	4.692	3.82	3.849	3.887	3.931	3.979	4.028
2000-05-31	4.19	3.721	4.4	3.879	4.539	3.888	4.694	3.899	3.931	3.977	4.029	4.084	4.138
2000-06-30	4.008	3.738	4.221	3.8	4.395	3.783	4.642	3.781	3.799	3.832	3.872	3.916	3.962
2000-07-31	3.976	3.901	4.135	3.943	4.261	3.883	4.43	3.847	3.841	3.854	3.879	3.909	3.942
2000-08-31	3.84	3.843	4.023	3.804	4.177	3.721	4.401	3.685	3.684	3.702	3.731	3.765	3.802
2000-09-29	3.954	3.633	4.147	3.615	4.284	3.619	4.449	3.654	3.702	3.754	3.807	3.858	3.907
2000-10-31	3.927	3.598	4.123	3.578	4.265	3.585	4.446	3.623	3.672	3.726	3.779	3.831	3.88
2000-11-30	3.771	3.607	3.961	3.614	4.115	3.576	4.325	3.568	3.583	3.613	3.649	3.689	3.73
2000-12-29	3.552	3.277	3.806	3.232	3.983	3.22	4.188	3.236	3.271	3.319	3.374	3.433	3.493
2001-01-31	3.497	3.225	3.799	3.162	4.02	3.145	4.28	3.158	3.193	3.242	3.3	3.364	3.43
2001-02-28	3.492	3.253	3.796	3.156	4.013	3.122	4.267	3.132	3.169	3.222	3.285	3.354	3.423
2001-03-30	3.327	3.038	3.652	2.996	3.925	2.996	4.294	3.013	3.044	3.087	3.139	3.198	3.261
2001-04-30	3.529	3.143	3.865	3.163	4.141	3.181	4.496	3.205	3.239	3.284	3.337	3.397	3.461
2001-05-31	3.556	3.167	3.871	3.175	4.14	3.191	4.519	3.221	3.262	3.311	3.368	3.428	3.491
2001-06-29	3.383	3.128	3.695	3.103	3.972	3.093	4.369	3.102	3.127	3.164	3.211	3.264	3.322
2001-07-31	3.357	3.098	3.684	3.045	3.954	3.027	4.314	3.037	3.067	3.111	3.165	3.225	3.29
2001-08-31	3.317	2.807	3.62	2.814	3.87	2.879	4.211	2.943	3.003	3.064	3.126	3.189	3.253
2001-09-28	3.302	2.261	3.63	2.426	3.86	2.571	4.151	2.703	2.824	2.935	3.038	3.133	3.221
2001-10-31	3.005	1.856	3.332	2.058	3.577	2.251	3.915	2.406	2.535	2.648	2.749	2.841	2.926
2001-11-30	3.261	2.147	3.584	2.376	3.816	2.536	4.113	2.672	2.792	2.902	3.002	3.095	3.181
2001-12-31	3.555	2.107	3.8	2.454	3.977	2.72	4.223	2.927	3.089	3.219	3.326	3.414	3.49
2002-01-31	3.59	2.117	3.826	2.575	4.024	2.878	4.3	3.082	3.225	3.329	3.41	3.477	3.536
2002-02-28	3.61	2.128	3.848	2.476	4.016	2.748	4.261	2.961	3.13	3.265	3.376	3.467	3.544
2002-03-29	3.636	2.112	3.906	2.592	4.093	2.892	4.307	3.088	3.227	3.334	3.422	3.499	3.57
2002-04-30	3.528	2.011	3.821	2.381	4.04	2.658	4.336	2.87	3.035	3.168	3.278	3.372	3.454
2002-05-31	3.465	1.73	3.803	2.192	4.028	2.509	4.283	2.739	2.915	3.057	3.178	3.284	3.379
2002-06-28	3.299	1.659	3.691	2.072	3.96	2.355	4.271	2.562	2.727	2.865	2.988	3.1	3.203
2002-07-31	3.248	1.078	3.597	1.56	3.786	1.939	3.979	2.244	2.494	2.701	2.874	3.019	3.143
2002-08-30	3.192	0.934	3.587	1.384	3.806	1.776	4.032	2.1	2.368	2.591	2.779	2.938	3.075
2002-09-30	2.761	0.979	3.213	1.275	3.498	1.539	3.878	1.776	1.989	2.179	2.349	2.501	2.638
2002-10-31	2.863	0.71	3.327	1.072	3.6	1.424	3.894	1.731	1.994	2.22	2.415	2.584	2.733
2002-11-29	2.799	0.923	3.309	1.224	3.625	1.497	3.952	1.743	1.966	2.167	2.349	2.515	2.664
2002-12-31	2.396	0.559	2.96	0.786	3.356	1.062	3.856	1.318	1.547	1.751	1.935	2.102	2.255
2003-01-31	2.396	0.601	2.953	0.827	3.323	1.075	3.745	1.315	1.538	1.742	1.929	2.099	2.254
2003-02-28	2.375	0.478	2.952	0.673	3.333	0.931	3.787	1.194	1.442	1.669	1.873	2.058	2.224
2003-03-31	2.537	0.445	3.156	0.781	3.566	1.078	4.024	1.346	1.59	1.813	2.018	2.206	2.378
2003-04-30	2.659	0.44	3.18	0.823	3.499	1.171	3.85	1.474	1.738	1.97	2.175	2.355	2.516
2003-05-30	2.358	0.299	2.95	0.598	3.342	0.898	3.806	1.175	1.425	1.65	1.853	2.038	2.206
2003-06-30	2.607	0.341	3.14	0.664	3.446	1.003	3.767	1.321	1.609	1.863	2.087	2.283	2.455
2003-07-31	2.666	0.357	3.157	0.721	3.453	1.088	3.786	1.422	1.715	1.966	2.182	2.367	2.527
2003-08-29	2.875	0.388	3.348	0.862	3.627	1.3	3.924	1.665	1.963	2.208	2.413	2.589	2.741
2003-09-30	2.777	0.315	3.301	0.729	3.624	1.145	3.98	1.508	1.813	2.068	2.284	2.471	2.633
2003-10-31	2.882	0.462	3.348	0.948	3.633	1.381	3.945	1.734	2.017	2.249	2.444	2.61	2.755
2003-11-28	2.993	0.55	3.38	1.081	3.596	1.535	3.821	1.895	2.179	2.406	2.592	2.748	2.88
2003-12-31	2.78	0.484	3.158	0.938	3.406	1.367	3.712	1.722	2.003	2.226	2.405	2.552	2.674
2004-01-30	2.852	0.462	3.284	0.852	3.505	1.229	3.763	1.573	1.877	2.14	2.364	2.555	2.716
2004-02-27	2.681	0.377	3.174	0.71	3.439	1.05	3.707	1.374	1.67	1.933	2.162	2.361	2.533
2004-03-31	2.632	0.39	3.112	0.74	3.383	1.087	3.666	1.405	1.688	1.934	2.148	2.332	2.493
2004-04-30	2.809	0.68	3.188	1.132	3.412	1.499	3.664	1.799	2.046	2.253	2.426	2.574	2.7
2004-05-31	2.888	0.734	3.244	1.226	3.465	1.612	3.719	1.918	2.164	2.365	2.53	2.669	2.787
2004-06-30	3.04	1.028	3.383	1.506	3.578	1.863	3.782	2.139	2.361	2.543	2.697	2.828	2.941
2004-07-30	2.957	0.96	3.307	1.415	3.5	1.749	3.699	2.018	2.242	2.433	2.595	2.734	2.854
2004-08-31	2.825	0.847	3.241	1.182	3.479	1.497	3.728	1.777	2.019	2.229	2.411	2.568	2.705
2004-09-30	2.75	0.964	3.135	1.314	3.379	1.606	3.666	1.852	2.06	2.239	2.393	2.527	2.646
2004-10-29	2.623	0.888	2.999	1.141	3.203	1.395	3.41	1.638	1.86	2.057	2.23	2.381	2.51
2004-11-30	2.443	1.013	2.786	1.245	2.97	1.421	3.155	1.596	1.771	1.937	2.088	2.223	2.341
2004-12-31	2.382	0.885	2.725	1.137	2.923	1.364	3.13	1.568	1.749	1.909	2.05	2.175	2.285
2005-01-31	2.249	0.887	2.577	1.079	2.757	1.264	2.941	1.446	1.618	1.776	1.918	2.043	2.153
2005-02-28	2.381	0.899	2.686	1.124	2.846	1.34	3.007	1.546	1.736	1.905	2.052	2.179	2.288
2005-03-31	2.355	0.872	2.692	1.14	2.871	1.331	3.051	1.51	1.687	1.853	2.004	2.137	2.254
2005-04-29	2.074	0.769	2.416	0.952	2.615	1.135	2.823	1.309	1.471	1.618	1.752	1.872	1.979
2005-05-31	2.014	0.772	2.357	0.948	2.56	1.117	2.777	1.279	1.431	1.571	1.699	1.815	1.92
2005-06-30	1.999	0.688	2.338	0.87	2.55	1.064	2.787	1.246	1.411	1.558	1.688	1.804	1.907
2005-07-29	1.955	0.772	2.189	0.948	2.355	1.129	2.709	1.3	1.454	1.589	1.704	1.802	1.885
2005-08-31	1.928	0.818	2.245	0.997	2.456	1.157	2.705	1.302	1.432	1.551	1.659	1.757	1.847
2005-09-30	1.95	0.897	2.102	1.12	2.211	1.305	2.519	1.458	1.584	1.688	1.774	1.844	1.902
2005-10-31	2.097	1.074	2.186	1.399	2.293	1.624	2.552	1.779	1.886	1.96	2.011	2.048	2.075
2005-11-30	2.184	1.361	2.374	1.657	2.501	1.791	2.648	1.869	1.929	1.983	2.036	2.088	2.137
2005-12-30	1.96	1.248	2.142	1.548	2.314	1.693	2.579	1.765	1.807	1.837	1.865	1.895	1.926
2006-01-31	2.153	1.294	2.312	1.602	2.447	1.78	2.637	1.887	1.956	2.007	2.048	2.085	2.119
2006-02-28	2.252	1.476	2.39	1.689	2.466	1.809	2.545	1.902	1.981	2.051	2.112	2.165	2.211
2006-03-31	2.517	1.565	2.63	1.792	2.687	1.959	2.743	2.098	2.213	2.305	2.377	2.434	2.48
2006-04-28	2.752	1.668	2.87	1.936	2.929	2.14	2.988	2.302	2.429	2.527	2.604	2.665	2.713
2006-05-31	2.7	1.754	2.844	1.986	2.918	2.131	2.991	2.252	2.359	2.452	2.532	2.599	2.654
2006-06-30	2.848	1.896	2.962	2.156	3.019	2.32	3.076	2.449	2.554	2.64	2.71	2.766	2.811
2006-07-31	2.742	1.877	2.845	2.112	2.896	2.26	2.948	2.378	2.475	2.553	2.616	2.667	2.708
2006-08-31	2.547	1.934	2.626	2.093	2.666	2.186	2.705	2.268	2.34	2.401	2.45	2.489	2.521
2006-09-29	2.369	1.947	2.47	2.12	2.551	2.207	2.649	2.252	2.277	2.296	2.313	2.33	2.349
2006-10-31	2.495	2.043	2.57	2.178	2.611	2.243	2.652	2.294	2.339	2.38	2.415	2.445	2.472
2006-11-30	2.341	2.095	2.404	2.179	2.446	2.216	2.494	2.238	2.257	2.274	2.292	2.309	2.325
2006-12-29	2.489	2.278	2.51	2.405	2.525	2.449	2.541	2.463	2.469	2.472	2.475	2.479	2.484
2007-01-31	2.619	2.379	2.646	2.467	2.659	2.502	2.673	2.528	2.551	2.57	2.586	2.599	2.61
2007-02-28	2.556	2.338	2.607	2.373	2.633	2.38	2.659	2.402	2.434	2.466	2.495	2.519	2.539
2007-03-30	2.702	2.412	2.777	2.411	2.815	2.419	2.853	2.461	2.515	2.567	2.611	2.648	2.678
2007-04-30	2.801	2.475	2.855	2.498	2.882	2.539	2.909	2.597	2.652	2.697	2.733	2.761	2.783
2007-05-31	3.032	2.71	3.07	2.782	3.089	2.831	3.108	2.88	2.923	2.957	2.983	3.003	3.019
2007-06-29	3.194	2.863	3.291	2.905	3.341	2.921	3.392	2.952	2.996	3.043	3.088	3.129	3.164
2007-07-31	3.108	2.841	3.184	2.859	3.223	2.874	3.263	2.907	2.948	2.988	3.025	3.057	3.085
2007-08-31	3.049	2.753	3.162	2.495	3.218	2.503	3.274	2.615	2.733	2.831	2.907	2.966	3.012
2007-09-28	3.056	2.697	3.202	2.413	3.276	2.418	3.349	2.537	2.668	2.782	2.875	2.948	3.008
2007-10-31	2.987	2.71	3.153	2.536	3.242	2.531	3.332	2.589	2.665	2.743	2.816	2.881	2.938
2007-11-30	2.906	2.594	3.04	2.249	3.107	2.269	3.174	2.401	2.537	2.649	2.737	2.807	2.862
2007-12-31	3.111	2.72	3.225	2.43	3.282	2.495	3.339	2.646	2.781	2.886	2.965	3.026	3.073
2008-01-31	2.939	2.386	3.156	2.106	3.266	2.138	3.376	2.273	2.425	2.565	2.685	2.786	2.87
2008-02-29	3.059	2.484	3.226	2.13	3.31	2.2	3.394	2.396	2.583	2.732	2.846	2.934	3.003
2008-03-31	3.033	2.455	3.213	2	3.303	2.1	3.393	2.321	2.523	2.683	2.805	2.899	2.973
2008-04-30	3.242	2.5	3.394	2.107	3.47	2.32	3.546	2.588	2.793	2.94	3.047	3.128	3.192
2008-05-30	3.284	2.462	3.397	2.298	3.454	2.55	3.511	2.783	2.945	3.057	3.138	3.198	3.246
2008-06-30	3.29	2.538	3.37	2.502	3.41	2.752	3.45	2.935	3.052	3.131	3.188	3.231	3.264
2008-07-31	3.166	2.45	3.269	2.312	3.321	2.513	3.373	2.714	2.858	2.96	3.033	3.089	3.132
2008-08-29	2.942	2.717	3.106	2.408	3.188	2.324	3.271	2.4	2.522	2.64	2.74	2.822	2.888
2008-09-30	2.669	2.472	2.943	1.607	3.08	1.463	3.217	1.659	1.916	2.142	2.323	2.466	2.578
2008-10-31	2.764	2.002	3.068	1.522	3.222	1.565	3.376	1.778	2.013	2.223	2.4	2.546	2.665
2008-11-28	2.226	0.899	2.455	1.285	2.578	1.499	2.701	1.65	1.776	1.889	1.989	2.079	2.157
2008-12-31	2.148	0.407	2.368	0.691	2.479	1.012	2.589	1.303	1.541	1.727	1.872	1.985	2.075
2009-01-30	2.221	0.293	2.526	0.449	2.679	0.756	2.832	1.096	1.398	1.645	1.841	1.997	2.121
2009-02-27	2.174	0.407	2.454	0.52	2.595	0.795	2.736	1.116	1.404	1.637	1.821	1.966	2.081
2009-03-31	2.175	0.325	2.465	0.523	2.61	0.818	2.756	1.129	1.406	1.635	1.817	1.963	2.08
2009-04-30	2.196	0.294	2.487	0.45	2.633	0.76	2.779	1.101	1.4	1.641	1.832	1.981	2.1
2009-05-29	2.536	0.248	2.888	0.467	3.065	0.839	3.242	1.235	1.585	1.871	2.097	2.277	2.42
2009-06-30	2.478	0.255	2.836	0.509	3.016	0.858	3.196	1.221	1.547	1.819	2.039	2.217	2.36
2009-07-31	2.192	0.248	2.559	0.453	2.745	0.726	2.932	1.023	1.304	1.55	1.758	1.931	2.073
2009-08-31	2.124	0.288	2.519	0.466	2.72	0.698	2.923	0.962	1.225	1.465	1.673	1.85	1.999
2009-09-30	2.155	0.313	2.545	0.567	2.749	0.828	2.954	1.084	1.325	1.541	1.731	1.895	2.035
2009-10-30	2.207	0.332	2.599	0.616	2.766	0.89	2.855	1.146	1.38	1.591	1.777	1.941	2.084
2009-11-30	2.002	0.269	2.337	0.47	2.508	0.713	2.679	0.97	1.213	1.429	1.612	1.767	1.895
2009-12-31	1.972	0.281	2.26	0.468	2.404	0.72	2.549	0.991	1.239	1.45	1.623	1.764	1.878
2010-01-29	2.01	0.253	2.327	0.492	2.401	0.742	2.333	0.986	1.214	1.421	1.603	1.762	1.897
2010-02-26	1.931	0.179	2.282	0.376	2.345	0.604	2.207	0.842	1.073	1.289	1.484	1.656	1.805
2010-03-31	1.941	0.25	2.322	0.472	2.44	0.701	2.37	0.925	1.138	1.336	1.516	1.676	1.818
2010-04-30	1.865	0.259	2.248	0.478	2.392	0.697	2.381	0.908	1.108	1.292	1.46	1.612	1.746
2010-05-31	1.573	0.177	1.959	0.35	2.12	0.53	2.125	0.708	0.88	1.043	1.195	1.334	1.46
2010-06-30	1.509	0.177	1.826	0.347	1.951	0.525	1.983	0.702	0.87	1.027	1.169	1.297	1.41
2010-07-30	1.5	0.337	1.776	0.407	1.917	0.522	2.057	0.685	0.863	1.031	1.18	1.306	1.411
2010-08-31	1.192	0.448	1.433	0.416	1.555	0.432	1.677	0.526	0.656	0.792	0.916	1.024	1.116
2010-09-30	1.372	0.507	1.601	0.462	1.716	0.51	1.832	0.646	0.809	0.964	1.097	1.207	1.298
2010-10-29	1.458	0.499	1.66	0.514	1.762	0.61	1.863	0.769	0.937	1.086	1.21	1.31	1.392
2010-11-30	1.558	0.477	1.792	0.463	1.91	0.575	2.028	0.762	0.957	1.129	1.272	1.387	1.481
2010-12-31	1.674	0.44	1.886	0.448	1.993	0.632	2.094	0.872	1.09	1.267	1.407	1.516	1.603
2011-01-31	1.818	0.428	2.047	0.605	2.162	0.811	2.278	1.029	1.229	1.399	1.538	1.651	1.743
2011-02-28	1.897	0.365	2.174	0.621	2.244	0.855	2.137	1.065	1.254	1.42	1.567	1.694	1.803
2011-03-31	1.931	0.415	2.181	0.702	2.262	0.95	2.214	1.163	1.346	1.502	1.636	1.751	1.848
2011-04-29	2.083	0.479	2.382	0.758	2.472	1.003	2.375	1.223	1.419	1.591	1.742	1.873	1.986
2011-05-31	1.849	0.339	2.152	0.588	2.256	0.816	2.213	1.021	1.205	1.369	1.515	1.642	1.753
2011-06-30	1.739	0.352	2.025	0.347	2.169	0.505	2.314	0.749	0.995	1.21	1.387	1.529	1.645
2011-07-29	1.436	0.318	1.71	0.218	1.847	0.311	1.985	0.514	0.736	0.935	1.101	1.236	1.346
2011-08-31	1.133	0.045	1.426	0.155	1.55	0.288	1.6	0.431	0.572	0.706	0.831	0.944	1.045
2011-09-30	1.003	0.139	1.264	0.055	1.396	0.095	1.529	0.228	0.393	0.554	0.697	0.818	0.919
2011-10-31	1.082	0.127	1.355	0.016	1.492	0.071	1.63	0.233	0.423	0.603	0.758	0.888	0.994
2011-11-30	0.945	0.149	1.201	0.003	1.331	0.02	1.46	0.154	0.326	0.493	0.638	0.76	0.861
2011-12-30	0.74	0.155	0.985	0.013	1.109	-0.011	1.234	0.071	0.199	0.335	0.461	0.57	0.662
2012-01-31	0.735	0.191	0.977	0.102	1.103	0.084	1.229	0.146	0.249	0.363	0.474	0.573	0.66
2012-02-29	0.72	0.189	0.995	0.056	1.14	0.022	1.285	0.083	0.192	0.314	0.433	0.542	0.637
2012-03-30	0.854	0.225	1.091	0.094	1.211	0.084	1.331	0.177	0.313	0.453	0.579	0.687	0.778
2012-04-30	0.735	0.205	0.979	0.039	1.104	0.008	1.229	0.087	0.211	0.341	0.462	0.568	0.658
2012-05-31	0.61	0.122	0.833	-0.164	0.945	-0.198	1.057	-0.087	0.067	0.215	0.344	0.45	0.538
2012-06-29	0.678	0.012	0.911	-0.344	1.029	-0.312	1.147	-0.131	0.069	0.245	0.39	0.507	0.601
2012-07-31	0.561	0.038	0.807	-0.315	0.932	-0.348	1.056	-0.217	-0.043	0.123	0.266	0.384	0.481
2012-08-31	0.569	0.025	0.823	-0.327	0.952	-0.361	1.08	-0.228	-0.05	0.119	0.266	0.387	0.487
2012-09-28	0.599	0.124	0.861	-0.095	0.995	-0.153	1.129	-0.082	0.043	0.18	0.308	0.421	0.518
2012-10-31	0.597	0.146	0.873	-0.063	1.015	-0.136	1.158	-0.082	0.034	0.168	0.296	0.412	0.512
2012-11-30	0.53	0.117	0.809	-0.1	0.954	-0.174	1.1	-0.125	-0.016	0.111	0.235	0.347	0.445
2012-12-31	0.557	0.059	0.848	-0.116	1.004	-0.155	1.162	-0.092	0.017	0.14	0.261	0.372	0.47
2013-01-31	0.789	0.14	1.069	0.093	1.221	0.104	1.374	0.176	0.282	0.397	0.51	0.614	0.707
2013-02-28	0.721	0.137	1.003	0.029	1.149	-0.003	1.296	0.056	0.167	0.295	0.42	0.535	0.635
2013-03-29	0.747	0.119	1.048	-0.012	1.203	-0.048	1.359	0.021	0.145	0.286	0.423	0.547	0.655
2013-04-30	0.612	0.079	0.906	-0.079	1.06	-0.124	1.215	-0.065	0.048	0.178	0.305	0.421	0.523
2013-05-31	0.759867	0.078298	1.031595	-0.06008	1.171262	-0.064066	1.311359	0.034925	0.175936	0.322034	0.456588	0.574205	0.674691
2013-06-28	1.060241	0.072657	1.338455	-0.006228	1.479683	0.061823	1.621187	0.221644	0.40661	0.581862	0.734796	0.863665	0.97095
2013-07-31	1.097209	0.076493	1.392872	-0.012797	1.542587	0.046111	1.692575	0.207025	0.400211	0.586172	0.749491	0.887317	1.00196
2013-08-30	1.142364	0.096035	1.446606	-0.007927	1.600571	0.049903	1.754817	0.21796	0.419974	0.61373	0.78324	0.925843	1.044188
2013-09-30	1.109749	0.096198	1.436694	-0.02358	1.602822	0.012398	1.769311	0.165516	0.361805	0.556636	0.731019	0.880084	1.00518
2013-10-31	1.069866	0.100853	1.412713	-0.000333	1.588072	0.020636	1.7639	0.150006	0.328111	0.513099	0.684169	0.833922	0.961749
2013-11-29	1.031255	0.063789	1.377744	-0.075609	1.554574	-0.060745	1.731858	0.077122	0.266128	0.459977	0.637215	0.790999	0.921427
2013-12-31	1.252963	0.045199	1.609573	-0.07128	1.790495	-0.002129	1.971818	0.189375	0.419275	0.640846	0.835865	1.000859	1.138431
2014-01-31	0.982865	0.043563	1.363484	-0.109124	1.560503	-0.109659	1.758373	0.01471	0.195567	0.387286	0.567261	0.726948	0.864927
2014-02-28	0.95061	0.04947	1.316977	-0.074287	1.506991	-0.072944	1.697847	0.039509	0.205726	0.384485	0.55412	0.705803	0.837571
2014-03-31	0.954719	0.085116	1.313145	-0.030941	1.49864	-0.035248	1.684874	0.068624	0.227482	0.400737	0.566285	0.714787	0.843934
2014-04-30	0.859839	0.103889	1.232077	0.004689	1.428028	-0.021311	1.625151	0.047171	0.174385	0.325532	0.478165	0.620599	0.748111
2014-05-30	0.769599	0.069728	1.16043	-0.027199	1.373852	-0.055615	1.590328	0.001683	0.114194	0.251927	0.394821	0.531662	0.657177
2014-06-30	0.713934	0.091873	1.120977	0.031598	1.352402	0.000799	1.5895	0.033613	0.117104	0.23027	0.355814	0.482187	0.602675
2014-07-31	0.615872	0.109106	0.96037	0.032852	1.150205	-0.01281	1.342793	0.008752	0.082343	0.185048	0.298804	0.412127	0.518751
2014-08-29	0.528842	0.078106	0.827206	0.000643	0.997867	-0.029489	1.173594	0.001949	0.07349	0.164677	0.261904	0.357318	0.446879
2014-09-30	0.588657	0.056463	0.925604	-0.009012	1.11279	-0.038704	1.303163	-0.00781	0.068628	0.170211	0.281029	0.390927	0.494316
2014-10-31	0.557575	0.036141	0.860298	-0.041741	1.033904	-0.053049	1.2131	-0.002913	0.081998	0.181654	0.284024	0.382589	0.474182
2014-11-28	0.413427	-0.021857	0.690743	-0.133544	0.851982	-0.145054	1.019428	-0.095449	-0.016404	0.074166	0.166442	0.255202	0.337875
2014-12-31	0.375038	-0.09425	0.58832	-0.259156	0.697406	-0.280338	0.806741	-0.205179	-0.092083	0.025726	0.133842	0.227824	0.307675
2015-01-30	-0.06701	-0.693855	0.217798	-0.702337	0.375979	-0.689433	0.537334	-0.630586	-0.54147	-0.4394	-0.336038	-0.237857	-0.147861
2015-02-27	0.014947	-0.853108	0.300134	-0.79996	0.453787	-0.707883	0.599516	-0.597115	-0.480417	-0.365541	-0.256925	-0.156844	-0.066202
2015-03-31	-0.000708	-0.742702	0.210447	-0.795086	0.318946	-0.730781	0.427777	-0.608544	-0.474612	-0.349401	-0.239645	-0.146086	-0.067173
2015-04-30	0.03975	-0.829395	0.261759	-0.773802	0.376872	-0.666691	0.491052	-0.541914	-0.417258	-0.301316	-0.197545	-0.106653	-0.027977
2015-05-29	-0.030876	-0.838924	0.262714	-0.811357	0.421656	-0.736037	0.571305	-0.63574	-0.525107	-0.41327	-0.305667	-0.205294	-0.113561
2015-06-30	0.100539	-0.900651	0.455248	-0.878847	0.636724	-0.788783	0.797054	-0.663124	-0.522708	-0.380427	-0.243878	-0.117179	-0.002213
2015-07-31	-0.035333	-0.819203	0.325675	-0.79486	0.539176	-0.732032	0.733404	-0.645307	-0.545175	-0.439069	-0.332144	-0.227872	-0.128488
2015-08-31	-0.123976	-0.783663	0.218052	-0.756844	0.442831	-0.704508	0.66614	-0.635067	-0.554914	-0.468864	-0.380495	-0.292414	-0.206482
2015-09-30	-0.099937	-0.820848	0.285991	-0.794929	0.545995	-0.739717	0.818719	-0.664755	-0.577286	-0.482757	-0.385211	-0.287597	-0.192022
2015-10-30	-0.27154	-0.865844	0.120028	-0.889917	0.380305	-0.867628	0.648168	-0.8136	-0.738781	-0.651299	-0.557121	-0.460558	-0.364665
2015-11-30	-0.311234	-0.979268	0.100243	-1.04848	0.347047	-1.035096	0.592376	-0.970062	-0.874734	-0.763662	-0.646568	-0.529777	-0.417232
2015-12-31	-0.03925	-0.814827	0.303372	-0.78568	0.507844	-0.719922	0.704948	-0.632112	-0.532529	-0.428306	-0.324273	-0.223591	-0.128216
2016-01-29	-0.299445	-0.85791	0.026661	-0.880028	0.219145	-0.856224	0.381422	-0.802086	-0.729052	-0.645422	-0.557125	-0.468314	-0.381809
2016-02-29	-0.453373	-0.957872	-0.144324	-1.027394	0.02454	-1.023923	0.168373	-0.975086	-0.899904	-0.811278	-0.71778	-0.624939	-0.536157
2016-03-31	-0.387068	-0.857188	-0.096978	-0.865332	0.087024	-0.842582	0.248405	-0.798443	-0.740178	-0.673289	-0.601896	-0.529039	-0.456915
2016-04-29	-0.245108	-0.654478	0.009924	-0.809399	0.142068	-0.874471	0.274683	-0.837894	-0.744654	-0.631201	-0.518073	-0.414539	-0.32357
2016-05-31	-0.297822	-0.655391	-0.038325	-0.803669	0.1009	-0.866264	0.241527	-0.837461	-0.757834	-0.658347	-0.556481	-0.460659	-0.374204
2016-06-30	-0.508372	-0.773646	-0.274837	-0.997511	-0.15479	-1.094683	-0.034429	-1.069819	-0.981619	-0.872394	-0.764227	-0.66631	-0.581171
2016-07-29	-0.543325	-0.710088	-0.32012	-0.902396	-0.198476	-0.987201	-0.075168	-0.978128	-0.919704	-0.841359	-0.758896	-0.679961	-0.607784
2016-08-31	-0.461855	-0.700694	-0.259325	-0.865355	-0.149884	-0.91809	-0.039127	-0.889083	-0.82216	-0.742537	-0.662684	-0.588192	-0.521135
2016-09-30	-0.522305	-0.74158	-0.304726	-0.920262	-0.183367	-0.971563	-0.059414	-0.944286	-0.881189	-0.804865	-0.726701	-0.652221	-0.583835
2016-10-31	-0.361533	-0.615948	-0.15529	-0.787453	-0.04923	-0.871862	0.057097	-0.852493	-0.776801	-0.68168	-0.586877	-0.500768	-0.425751
2016-11-30	-0.129982	-0.65332	0.097027	-0.820266	0.211953	-0.855822	0.327047	-0.777056	-0.650064	-0.516566	-0.394928	-0.290518	-0.202976
2016-12-30	-0.135473	-0.634569	0.103921	-0.793212	0.226109	-0.837678	0.348553	-0.771693	-0.654552	-0.526375	-0.406288	-0.300982	-0.211229
2017-01-31	-0.071585	-0.651009	0.163623	-0.834645	0.28242	-0.863626	0.401382	-0.768595	-0.625796	-0.480112	-0.349845	-0.239445	-0.147675
2017-02-28	-0.212659	-0.668591	0.030434	-0.873556	0.153909	-0.937709	0.277596	-0.873884	-0.751807	-0.617377	-0.491962	-0.382727	-0.290257
2017-03-31	-0.100431	-0.629247	0.111326	-0.773048	0.218327	-0.799085	0.325466	-0.718455	-0.594166	-0.465674	-0.349826	-0.251127	-0.168814
2017-04-28	-0.095596	-0.637405	0.118643	-0.77176	0.227055	-0.792381	0.335615	-0.711776	-0.58899	-0.461621	-0.346166	-0.247314	-0.16455
2017-05-31	-0.14537	-0.649087	0.088774	-0.800189	0.207851	-0.841161	0.327133	-0.775288	-0.659023	-0.531752	-0.412631	-0.308421	-0.219876
2017-06-30	-0.024963	-0.630458	0.181752	-0.718702	0.286554	-0.711964	0.39151	-0.622317	-0.499996	-0.376555	-0.265599	-0.170757	-0.091282
2017-07-31	0.059816	-0.623284	0.25707	-0.698401	0.356547	-0.666309	0.456139	-0.554807	-0.418853	-0.288898	-0.176069	-0.081894	-0.004259
2017-08-31	-0.113628	-0.63664	0.096496	-0.744788	0.203248	-0.762788	0.310168	-0.692152	-0.581277	-0.463569	-0.354893	-0.260513	-0.180656
2017-09-29	0.017369	-0.63651	0.231604	-0.737117	0.33993	-0.7262	0.448405	-0.623603	-0.488011	-0.354002	-0.235386	-0.135133	-0.051794
2017-10-31	-0.029	-0.69	0.188	-0.779	0.298	-0.757	0.409	-0.655	-0.524	-0.395	-0.28	-0.181	-0.099
2017-11-30	-0.053	-0.692	0.176	-0.753	0.298	-0.714	0.421	-0.619	-0.507	-0.396	-0.293	-0.202	-0.122
2017-12-29	-0.095	-0.704	0.124	-0.761	0.241	-0.716	0.36	-0.624	-0.519	-0.415	-0.32	-0.235	-0.16
2018-01-31	0.103	-0.749	0.324	-0.833	0.436	-0.743	0.549	-0.587	-0.426	-0.28	-0.157	-0.054	0.032
2018-02-28	0.116	-0.662	0.378	-0.77	0.512	-0.747	0.646	-0.628	-0.474	-0.321	-0.184	-0.067	0.033
2018-03-30	0.054	-0.654	0.308	-0.791	0.437	-0.79	0.567	-0.68	-0.529	-0.377	-0.241	-0.125	-0.027
2018-04-30	0.12	-0.619	0.36	-0.686	0.482	-0.664	0.604	-0.56	-0.423	-0.284	-0.157	-0.049	0.043
2018-05-31	-0.008	-0.638	0.254	-0.742	0.388	-0.76	0.522	-0.685	-0.562	-0.428	-0.3	-0.187	-0.09
2018-06-29	-0.012	-0.619	0.247	-0.665	0.381	-0.671	0.516	-0.612	-0.512	-0.398	-0.285	-0.182	-0.091
2018-07-31	0.042	-0.621	0.289	-0.634	0.426	-0.588	0.565	-0.502	-0.4	-0.297	-0.199	-0.109	-0.029
2018-08-31	-0.032	-0.627	0.234	-0.668	0.384	-0.648	0.537	-0.578	-0.483	-0.382	-0.283	-0.191	-0.107
2018-09-28	0.113	-0.618	0.355	-0.619	0.485	-0.563	0.616	-0.464	-0.351	-0.238	-0.134	-0.04	0.042
2018-10-31	0.071	-0.645	0.311	-0.677	0.437	-0.632	0.565	-0.532	-0.412	-0.293	-0.183	-0.086	-0.002
2018-11-30	-0.015	-0.662	0.242	-0.723	0.381	-0.698	0.521	-0.611	-0.5	-0.385	-0.277	-0.178	-0.091
2018-12-31	-0.154	-0.647	0.095	-0.738	0.231	-0.749	0.368	-0.691	-0.6	-0.499	-0.4	-0.309	-0.226
2019-01-31	-0.21	-0.646	0.041	-0.742	0.182	-0.755	0.327	-0.705	-0.625	-0.535	-0.445	-0.359	-0.281
2019-02-28	-0.236	-0.648	0.015	-0.727	0.16	-0.744	0.309	-0.703	-0.632	-0.548	-0.463	-0.381	-0.305
2019-03-29	-0.352	-0.633	-0.104	-0.723	0.033	-0.792	0.17	-0.793	-0.745	-0.67	-0.586	-0.502	-0.424
2019-04-30	-0.267	-0.592	-0.028	-0.681	0.097	-0.748	0.222	-0.742	-0.684	-0.599	-0.507	-0.418	-0.338
2019-05-31	-0.445	-0.622	-0.194	-0.742	-0.06	-0.844	0.075	-0.871	-0.836	-0.767	-0.683	-0.598	-0.518
2019-06-28	-0.482	-0.662	-0.239	-0.791	-0.111	-0.897	0.019	-0.92	-0.88	-0.806	-0.72	-0.634	-0.554
2019-07-31	-0.654	-0.763	-0.411	-0.896	-0.279	-0.999	-0.146	-1.031	-1.006	-0.948	-0.874	-0.797	-0.722
2019-08-30	-0.975	-0.909	-0.805	-1.064	-0.694	-1.141	-0.573	-1.165	-1.158	-1.132	-1.097	-1.057	-1.016
2019-09-30	-0.7	-0.722	-0.548	-0.847	-0.458	-0.913	-0.364	-0.924	-0.904	-0.868	-0.826	-0.782	-0.74
2019-10-31	-0.511	-0.674	-0.348	-0.74	-0.253	-0.779	-0.156	-0.777	-0.746	-0.702	-0.652	-0.602	-0.555
2019-11-29	-0.58	-0.656	-0.439	-0.755	-0.356	-0.805	-0.27	-0.807	-0.782	-0.744	-0.702	-0.659	-0.618
2019-12-31	-0.456	-0.614	-0.318	-0.711	-0.24	-0.74	-0.16	-0.722	-0.682	-0.634	-0.585	-0.538	-0.495
2020-01-31	-0.698	-0.592	-0.561	-0.707	-0.473	-0.796	-0.378	-0.835	-0.84	-0.824	-0.797	-0.765	-0.731
2020-02-28	-0.832	-0.675	-0.703	-0.785	-0.613	-0.875	-0.512	-0.921	-0.936	-0.93	-0.912	-0.888	-0.861
2020-03-31	-0.368	-0.53	-0.286	-0.625	-0.245	-0.658	-0.203	-0.627	-0.573	-0.517	-0.468	-0.428	-0.395
2020-04-30	-0.487	-0.511	-0.407	-0.652	-0.367	-0.717	-0.326	-0.708	-0.669	-0.624	-0.581	-0.544	-0.513
2020-05-29	-0.471	-0.546	-0.4	-0.639	-0.363	-0.681	-0.327	-0.669	-0.634	-0.593	-0.555	-0.522	-0.494
2020-06-30	-0.439	-0.551	-0.364	-0.652	-0.326	-0.691	-0.288	-0.669	-0.622	-0.573	-0.53	-0.493	-0.464
2020-07-31	-0.529	-0.642	-0.458	-0.76	-0.423	-0.79	-0.387	-0.759	-0.708	-0.659	-0.616	-0.581	-0.552
2020-08-31	-0.41	-0.657	-0.31	-0.774	-0.261	-0.788	-0.211	-0.735	-0.661	-0.591	-0.532	-0.482	-0.443
2020-09-30	-0.5	-0.705	-0.408	-0.807	-0.362	-0.829	-0.315	-0.789	-0.727	-0.665	-0.611	-0.566	-0.53
2020-10-30	-0.518	-0.721	-0.423	-0.802	-0.376	-0.822	-0.328	-0.79	-0.736	-0.68	-0.629	-0.585	-0.548
2020-11-30	-0.509	-0.796	-0.378	-0.778	-0.309	-0.752	-0.314	-0.721	-0.687	-0.65	-0.614	-0.577	-0.542
2020-12-31	-0.525	-0.716	-0.441	-0.782	-0.399	-0.8	-0.356	-0.77	-0.722	-0.671	-0.625	-0.585	-0.553
2021-01-29	-0.454	-0.777	-0.298	-0.78	-0.232	-0.762	-0.252	-0.728	-0.686	-0.639	-0.591	-0.543	-0.497
2021-02-26	-0.229	-0.777	-0.052	-0.761	0.014	-0.712	0.024	-0.644	-0.568	-0.491	-0.416	-0.347	-0.284
