Date	RMRFEU	SMBEU	HMLEU	WMLEU	RMRFNA	SMBNA	HMLNA	WMLNA	RMRFJAP	SMBJAP	HMLJAP	WMLJAP
01.01.1991	1.51	-4.14	-0.03	-1.25	4.27	2.4	-0.05	-2.63	1.19	-7.56	0.24	0.46
01.02.1991	7.3	1.15	0.66	-7.5	7.18	4.24	-0.84	-2.21	12.29	11.15	0.8	-15.23
01.03.1991	-6.7	2.18	-0.27	0.23	2.44	4.34	-3	3.17	-4.21	3.63	0.4	1.45
01.04.1991	-0.87	-0.32	-0.59	1.56	-0.17	-0.05	1.25	-1.17	2.18	1.41	1.5	1.08
01.05.1991	0.49	-3.38	0.12	-0.64	3.59	-0.07	-0.01	0.5	-2.03	-0.79	0.4	2.27
01.06.1991	-7.41	0.61	-0.69	0.54	-4.71	0.75	0.57	0.01	-7.09	1.17	3.57	3.08
01.07.1991	5.3	-3.23	-0.35	5.06	3.99	-0.78	-2.54	4.66	1.39	-3.51	1	0.57
01.08.1991	1.42	-0.93	-0.08	3.77	2.17	1.17	-1.66	2.81	-7.24	-4.95	-0.84	4.49
01.09.1991	3.02	1.73	-0.05	4.23	-1.7	1.85	-0.77	1.91	8.66	1.78	0.08	-3.07
01.10.1991	-2.62	-0.78	-1.3	3.07	1.45	0.96	-0.26	2.28	4.06	2.12	-3.42	1.32
01.11.1991	-2.27	0.55	-1.81	0.42	-4.16	-0.35	-2.18	0.67	-8.52	-2.3	-0.35	2.25
01.12.1991	6.3	-3.87	-2.1	1.93	10.03	-2.99	-5.33	8.3	2.5	1	-0.09	-0.27
01.01.1992	-0.52	-1.03	1.29	0.75	-0.68	8.16	3.84	-1.03	-5.67	-1.17	1.91	-1.3
01.02.1992	-0.44	-0.33	0.18	1.52	1	0.8	4.83	-0.48	-7.22	2.99	-0.7	0.6
01.03.1992	-3.74	0.33	0.29	0.57	-2.74	-1.58	4.23	-0.61	-11.45	-1.22	2.31	1.2
01.04.1992	5.02	-1.25	-0.07	1.88	1.12	-5.77	3.4	-2.8	-7.7	-3.98	5.45	-0.88
01.05.1992	5.09	0.19	1.4	1.07	0.32	-0.26	0.95	0.57	8.73	5.15	-2.41	-0.54
01.06.1992	-1.17	0.49	-0.85	3.42	-2.16	-2.85	2.87	-0.56	-9.05	-0.06	2.49	6.06
01.07.1992	-4.1	-1.23	-1.37	2.63	3.66	-0.91	-0.79	1.24	-3.27	-5.69	-1.12	-2.67
01.08.1992	-0.8	-1.39	-0.51	3.93	-2.32	-0.38	-0.24	-1	16.37	-5.09	-6.59	-10.37
01.09.1992	-2.99	-3.51	-1.82	4.13	0.72	0.44	-0.96	2.58	-2.86	3.61	-0.14	1.98
01.10.1992	-7.71	-2.52	1.2	-3.21	0.97	2.35	-3.12	2.3	-5.39	-1.76	1.18	3.85
01.11.1992	-0.65	-2.67	-0.13	-0.31	3.51	3.62	-2.89	1.88	1.85	-3.21	-1.4	-1.49
01.12.1992	1.22	0.02	-1.17	1.17	1.55	1.58	2.07	3.55	-1.03	2.1	2.33	-0.43
01.01.1993	0.63	3.28	2.95	-1.36	0.75	2.01	5.17	4.97	-0.87	-1.67	0.28	0.54
01.02.1993	1.11	-0.79	1.74	-1.36	0.45	-3.61	7.22	2.71	4.35	2.09	-0.16	-0.04
01.03.1993	5.43	1.43	0.86	2.89	2.34	0.6	1.98	4.14	15.84	0.26	3.7	-10.11
01.04.1993	1.92	3.46	1.93	-1.98	-2.6	-0.37	2.99	-0.29	16.68	1.07	3.81	-3.59
01.05.1993	0.91	0.29	1.5	1.02	2.81	2.04	-2.8	0.97	4.96	12.26	-1.83	0.66
01.06.1993	-3.23	-1.58	1.53	1.83	0.27	0.46	1.99	4.85	-4.19	-2.64	-2.67	0.36
01.07.1993	1.03	-1.1	3	0.42	-0.37	0.9	2.55	2.45	6.71	-4.79	0.36	1.34
01.08.1993	8.61	0.53	2.31	-1.31	3.58	0.48	0.17	2.34	2.15	-0.51	0.32	1.36
01.09.1993	-0.64	1.01	0.04	1.91	-0.36	2.53	0.34	3.03	-5.2	0.87	-0.65	-1.43
01.10.1993	2.46	-1.96	0.76	1.76	1.7	1.94	-2.98	-1.51	-2.56	-7.67	0.19	0.92
01.11.1993	-2.31	0.86	-1.59	-0.83	-1.86	-1.41	-0.59	-4.39	-16.22	-1.54	-0.37	-3.42
01.12.1993	7.16	-2.61	2.61	1.09	1.68	0.91	1.02	2.46	2	-0.92	2.81	2.6
01.01.1994	5.89	5.53	4.34	2.25	2.93	-0.21	1.87	1.26	16.87	1.2	3.59	0.19
01.02.1994	-3.46	4	1.01	-0.93	-2.62	2.01	-0.72	-0.59	3.88	0.93	2.46	2.8
01.03.1994	-2.8	0.97	1.79	-2.5	-4.64	-0.83	1.76	-1.4	-2.23	5.55	2.01	-1.46
01.04.1994	3.79	-0.74	1.48	-0.02	0.61	-1.16	1.68	-0.46	3.29	2.21	0	-0.95
01.05.1994	-4	1.89	0.53	-0.08	0.74	-2.32	1.23	-2.1	1.23	-2.03	2.78	-1.5
01.06.1994	-1.16	-0.22	-1	-1.02	-3.15	-0.87	2.18	-1.27	6.02	4.56	3.85	1.13
01.07.1994	4.66	-3.05	1.06	0.3	2.82	-1.75	0.49	-0.11	-4.11	0.97	-0.59	-1.19
01.08.1994	1.9	-0.46	-2.62	-0.55	4.02	0.55	-2.57	1.51	-0.29	-2.25	0.6	0.24
01.09.1994	-3.58	2.64	0.31	1.15	-2.07	2.82	-1.07	1.32	-3.22	-1.74	0.59	0.63
01.10.1994	3.59	-3.02	-0.33	0.28	1.17	-1.68	-1.52	1.06	2.2	-0.68	0.95	2.91
01.11.1994	-4.54	-0.41	0.45	-1.18	-4.09	-0.11	-1.16	-0.38	-6.55	-1.94	-0.09	-0.63
01.12.1994	0.02	0.29	-0.58	0.88	0.89	-0.4	-0.23	3.18	1.61	0.53	-0.41	0.06
01.01.1995	-1.55	1.51	0.96	2.2	1.39	-2.38	1.51	-1.18	-6.85	2.01	-2.21	-7.15
01.02.1995	1.97	-0.9	-0.76	1.61	3.63	-0.71	0.63	-0.46	-5.61	-0.9	0.08	2.84
01.03.1995	3.45	-1.61	-2.47	-0.23	2.25	-0.14	-1.6	0.23	8.6	-3.45	1.23	-1.27
01.04.1995	2.56	-1.67	0.4	0	2.13	-0.23	1.46	1.89	3.67	-2.04	-1.83	1.29
01.05.1995	1.76	-0.28	0.46	-0.61	2.94	-1.89	1.2	-0.33	-6.79	-2.61	-0.67	2.17
01.06.1995	1	-0.06	-0.63	3.4	2.5	3.41	-2.9	3.87	-4.6	-1.67	1.93	0.52
01.07.1995	3.99	-1.4	-1.03	0.97	3.6	2.37	-2.39	3.01	5.9	0.11	-2.44	-5.73
01.08.1995	-4.05	1.21	-2.29	1.89	0.49	1.36	2.17	0.11	-3.08	3.1	-0.53	-4.63
01.09.1995	2.37	-0.48	-1.93	5.82	3.19	-1.48	-0.92	2.14	-1.6	-1.8	-1.94	1.73
01.10.1995	-0.71	-0.89	-0.29	4.58	-1.58	-4.09	-0.51	2.92	-4.32	1.86	-0.66	2.08
01.11.1995	-0.32	-3.27	0.78	2.15	3.93	-0.54	0.01	-0.55	4.09	0.74	0.45	-1.36
01.12.1995	1.84	-1.18	1.03	-0.34	1.01	0.53	-0.52	1.32	4.35	1.78	2.57	-6.15
01.01.1996	0.44	0.09	0.12	-0.73	2.45	-2.49	0	0.9	-1.67	3.14	2.04	-1.99
01.02.1996	1.88	1.41	0.21	1.76	1.25	2.19	-1.92	1.59	-1.84	-0.34	-0.3	-1.72
01.03.1996	0.89	0.27	0.51	2.6	0.83	1.28	0.85	-1.39	2.6	-0.89	-0.96	0.04
01.04.1996	0.62	0.75	0.37	1.17	1.99	5.31	-3.07	0.26	6.38	5	1.25	-2.42
01.05.1996	1.5	1.78	-0.28	2.09	2.14	3.27	-1.33	2.02	-4.91	0.91	0.63	-1.11
01.06.1996	0.22	-0.63	0.33	1.29	-1.03	-4.45	2	-1.02	-0.03	-1.69	1.19	0.46
01.07.1996	-1.79	-0.39	0.97	-2	-5.8	-4.5	5.6	-1.45	-5.17	-1.24	1.03	-4.27
01.08.1996	2.26	-0.69	-1.49	2.63	2.87	2.44	-0.38	0.8	-4.72	0.67	-0.44	0.51
01.09.1996	1.17	-2.67	0.49	2.42	4.87	-1.39	-2.61	2.62	2.44	-4.78	0.43	-0.28
01.10.1996	1.55	1.01	-1.3	3.47	1.31	-3.62	5.33	2.47	-7.28	0.5	0.45	1.06
01.11.1996	4.08	-2.71	1.01	1.37	6.31	-4.33	2.34	-1.93	0.22	-5.03	1.37	1.19
01.12.1996	2.01	-0.12	0.75	1.64	-1.68	3.08	0.59	0.17	-7.52	-4.63	2.02	2.19
01.01.1997	-0.35	0.69	2.01	0.78	4.97	-1.45	-1.54	2.39	-11.18	0.68	1.09	4.09
01.02.1997	0.68	0.62	-0.25	0.56	-0.36	-3.46	5.03	-3.13	1.46	-2.5	-0.5	-0.74
01.03.1997	2.04	-1.19	1.09	-0.95	-4.9	-1.23	3.87	0.78	-4.1	-4.37	1.67	3.67
01.04.1997	-0.75	-1.42	0.19	2.06	3.9	-6.54	-0.14	4.78	1.49	-5.23	-0.18	4.05
01.05.1997	4.14	-1.22	1.1	2.22	6.63	5.3	-3.62	-3.89	13.05	4.32	-4.38	-4.04
01.06.1997	3.66	-3.66	1.04	0.92	3.88	0.44	1.12	2.74	5.44	-3.08	-0.67	-2.6
01.07.1997	3.12	-5.85	1.81	2.54	7.29	-2.64	-0.3	3.71	-4.44	-7.38	-2.26	11.61
01.08.1997	-5.29	6.12	-0.87	-2.23	-4.07	7.62	0.25	-1.69	-9.83	-1.23	0.27	-0.75
01.09.1997	8.74	-4.01	2.67	3.92	5.45	2.66	0.08	2.35	-2.96	-11.43	-1.97	10.62
01.10.1997	-4.88	4.06	0.89	-1.44	-3.76	-1.32	2.64	0.21	-8.07	8.08	-0.86	-1.68
01.11.1997	0.75	-2.9	-0.49	-0.53	2.53	-6.39	0.9	0.82	-8.35	-9.47	-3.2	11.71
01.12.1997	2.26	-3.77	1.95	2.92	1.4	-2.48	3.43	2.86	-8.12	-6.69	-1.79	9.84
01.01.1998	3.16	-1.37	0.46	3.95	-0.02	-1.47	-1.97	0.06	10.55	13.35	1.95	-19.83
01.02.1998	7.49	-1.82	1	1.39	7.01	0	-0.71	-0.42	0.82	4.59	1.01	-7.25
01.03.1998	6.91	1.09	4.53	2.17	4.84	-1.01	1.25	1.43	-6.92	-2.94	1.22	4.72
01.04.1998	2.19	1.54	-0.56	-1.27	0.83	0.28	0.36	0.93	-2.29	-2.41	-1.83	4.35
01.05.1998	2.22	2.14	1.01	0.98	-2.84	-3.47	2.91	1.94	-4.9	0.27	0.57	-0.13
01.06.1998	-0.5	-3.19	-1.88	2.36	2.88	-3.66	-2.38	7.59	0.31	0.08	0.34	-0.24
01.07.1998	1.53	-3.68	1.5	6.33	-2.76	-5.09	-1.76	3.41	-1.63	0.74	-1.65	2.62
01.08.1998	-12.08	1.72	-2.51	-1.87	-16.32	-4.96	1.86	0.62	-9.26	1.53	-1.58	5.75
01.09.1998	-4.84	1.19	-2.7	-5.14	5.98	0.61	-3.5	-0.15	-3.91	-1.76	-2.4	2.91
01.10.1998	6.59	-5.96	0.83	0.24	7.05	-3.36	-1.35	-3.84	16.12	-4.67	1.65	-6.11
01.11.1998	4.24	-3.07	0.72	2.94	5.82	0.82	-4.13	1.78	3.63	1.38	2.09	-8.6
01.12.1998	2.88	-2.53	-1.89	4.84	5.95	-0.27	-4.88	9.85	2.78	0.09	-1.98	6.9
01.01.1999	-0.43	-0.16	-2.07	5.95	3.35	-0.4	-4.45	5.11	0.79	-0.48	-0.42	-0.3
01.02.1999	-2.19	2.7	-1.1	-1.92	-4.16	-4.9	1.89	-1.17	-2.6	4.13	-4.57	1.57
01.03.1999	-0.03	-0.27	1.38	-7.9	3.34	-3.2	-2.3	1.39	13.61	-0.61	1.6	-4.21
01.04.1999	2.95	0.82	1.87	-7.45	4.34	3.36	3.35	-8.08	4.67	4.4	3.89	-2.19
01.05.1999	-3.8	4.48	0.11	3.37	-2.12	3.25	1.55	-2	-5.32	-0.19	-1.19	-2.71
01.06.1999	1.71	-0.04	0.52	1.12	4.71	1.87	-3.47	6.63	10.47	9.63	-6.01	11.54
01.07.1999	1.12	3.36	0.35	3.64	-3.37	1.69	1.24	1.65	9.94	-4.01	0.54	4.59
01.08.1999	1.34	3.92	-1.09	4.8	-1.37	-0.91	-2.19	2.77	2.8	1.6	0.04	7.45
01.09.1999	-0.32	2.16	-1.8	1.62	-2.69	3.94	-4.19	6.27	6.82	-2.33	-3.89	8.36
01.10.1999	1.72	-1.11	-3.81	5.68	5.63	-6.33	-3.02	3.39	6.21	-5.45	-5.71	6.51
01.11.1999	2.76	1.14	-9.05	12.67	2.84	6.24	-8.35	9.27	7.24	-5.25	-14.25	14.95
01.12.1999	9.26	-4.82	-4.26	6.12	7.11	5.67	-8.72	18.98	3.61	-7.91	-8.24	7.94
01.01.2000	-7.12	9.39	-6.12	6.16	-4.28	3.35	0.06	3.29	-5.36	1.64	6.32	-6.08
01.02.2000	5.87	1.73	-9.5	8.55	1.64	21.23	-14.07	29.32	-1.72	2.74	-7.86	14.8
01.03.2000	0.66	-5.25	3.23	-11.29	6.83	-16.6	9.64	-12.78	6.1	0.86	6.03	-14.93
01.04.2000	-5.58	-5.42	5.8	-9.15	-4.86	-5.2	7.19	-12.41	-9.09	-3.17	2.44	-6.61
01.05.2000	-0.07	-0.12	6.06	-6.83	-3.55	-4.02	5.25	-12.3	-7.55	4.83	10.05	-13.5
01.06.2000	0.68	0	3.21	-0.52	3.66	10.27	-10.34	17.48	5.92	1.99	6.11	-4.92
01.07.2000	-1.58	-1.03	3.3	-1.03	-2.24	-3.79	9.29	-4.32	-12.28	-0.92	4.49	-6.74
01.08.2000	-1.57	0.87	-0.38	3.29	7.12	0.47	-1.77	8.46	6.46	1.48	-3.51	8.66
01.09.2000	-4.99	2	2.64	-4.09	-5.36	-1.27	9.58	-4.47	-4.82	-3.14	6.05	-1.41
01.10.2000	-2.7	-6.96	7.63	-4.79	-2.89	-4.95	7.02	-7.85	-7.57	-6.22	7.96	-4.03
01.11.2000	-4.55	-1.41	11.16	-4.99	-10.31	-4.85	16.01	-11.87	-3.03	1.13	5.81	-0.52
01.12.2000	5.68	0.42	3.32	0.87	1.5	2.67	10.96	4.87	-9.89	-1.37	7.79	1.97
01.01.2001	0.39	1.74	0.69	-6.64	3.25	5.71	-8.68	-22.28	-0.79	1.4	-5.79	-5.69
01.02.2001	-8.69	4.72	9.42	7.67	-9.77	-2.04	17.58	10.92	-5.52	4.7	6.26	1.72
01.03.2001	-9.34	-1.03	5.83	4.01	-7.32	-0.98	10.49	8.23	-4.21	0.58	0.51	0.01
01.04.2001	7.4	-3.79	-3.15	-4.07	7.66	2.2	-8.31	-8.85	8.7	0.16	4.71	1.37
01.05.2001	-5.03	2.64	4.23	6.66	0.84	3.03	1.92	2.24	-0.13	2.87	-0.79	2.41
01.06.2001	-3.65	-1	6.21	9.45	-1.95	4.58	0.2	0.4	-5.34	1.06	6.47	6.71
01.07.2001	-0.7	-2.21	3.81	1.52	-2.17	-4.6	3.15	5.72	-8.93	-1.45	6.41	6.06
01.08.2001	-2.03	2.04	4.14	8.23	-6.3	1	3.92	6.21	-2.71	1.75	8.24	6.92
01.09.2001	-11.56	-5.25	2.34	9.81	-9.37	-6.12	1.66	11.37	-7.69	-1.01	-0.32	1.4
01.10.2001	3.24	1.79	-3.29	-6.66	2.41	6.97	-7.06	-7.31	0.8	3.02	-4.54	-2.24
01.11.2001	4.09	1.8	-1.1	-9.67	7.74	0.34	-0.8	-8.66	-1.8	-3.46	-3.2	-5.91
01.12.2001	1.82	-1.83	1.4	2.73	1.67	4.85	1.57	0.2	-8.23	-3.72	1.64	4.27
01.01.2002	-4.7	2.94	1.83	5.97	-1.61	-0.32	3.24	3.8	-7.82	1.94	1.53	-1.45
01.02.2002	0.41	-0.35	1.74	5.94	-2.23	-2.28	5.03	6.31	5.08	0.43	3.07	-3.55
01.03.2002	5.08	-0.41	0.74	-2.54	4.26	3.59	1.03	-1.14	5.63	0.43	-5.59	-9.85
01.04.2002	-0.32	2.92	4.76	6	-5.22	3.87	7.51	7.44	5.21	1.27	-1.26	0.55
01.05.2002	0.43	1.73	4.7	4.84	-1.15	-3.2	2.9	3.47	7.1	1.55	2.74	-4.16
01.06.2002	-2.48	1.12	2.42	8.09	-7.31	1.56	2.35	6.77	-4.79	1.58	1.61	4.33
01.07.2002	-10.59	1.76	3.15	4.71	-8.36	-5.13	-3.25	3.18	-6.04	3.62	3.19	1.32
01.08.2002	0.14	-2.24	2.11	2.17	0.59	-1	1.3	2.15	-1.42	-1.32	1.8	0.45
01.09.2002	-13.17	3	-1.9	13.65	-10.12	2.78	0.74	9.35	-4.94	-0.06	3.97	-1.08
01.10.2002	8.58	-6.73	-0.84	-6.13	7.55	-2.33	-6.37	-5.82	-6.77	-2.72	1.26	4.61
01.11.2002	4.89	-0.78	2.16	-8.86	5.89	2.83	-1.37	-15.52	3.03	-6.02	-0.9	-0.06
01.12.2002	-2.76	3.57	3.24	10.97	-5.48	-0.41	4.3	9.66	-2.42	2.22	1.23	4.16
01.01.2003	-3.45	2.08	2.52	2.04	-2.47	1.07	-0.44	1.68	-3.41	3.85	1.68	0.06
01.02.2003	-3.35	0.33	1.66	6.2	-1.69	-0.92	0.07	1.96	1.46	2.06	5.83	0.86
01.03.2003	-1.49	0.82	-0.51	2.23	0.83	0.4	-1.92	0.82	-2.93	3.14	1.83	2.36
01.04.2003	13.12	-2.1	0.24	-14.47	8.13	1.27	-0.27	-8.71	1.09	3.49	0.14	2.85
01.05.2003	7.67	2.71	1.13	-2.39	6.32	4.52	0.6	-6.83	4.53	2.09	-2.19	-5.8
01.06.2003	1.17	2	0.41	-4.68	1.51	1.23	0.07	-0.75	7.12	0.19	1.94	-9.52
01.07.2003	1.71	0.9	3.88	-4.59	2.15	4.42	-0.99	-0.58	3.47	-1.06	-0.56	-2.5
01.08.2003	0.19	3.11	0.01	-2.35	2.5	2.62	1.39	0.45	9.79	-1.53	2.43	-1.14
01.09.2003	2.8	2.71	0.07	0.94	-1.07	0.36	0.07	-0.18	7.48	3.03	-1.68	-1.36
01.10.2003	6.2	-1.2	3.66	5.59	6.04	2.31	3.26	4.56	4.16	4.46	-2.84	2.55
01.11.2003	4.49	0	0.41	-0.09	1.48	2.21	0.84	1.67	-3.87	-3.23	-0.2	-5.68
01.12.2003	7.32	-2.01	0.49	-0.69	4.52	-2.7	1.74	-4.86	6.47	-1.95	2.79	2.35
01.01.2004	2.47	3.68	2.39	3.69	2.09	1.74	1.34	2.39	1.98	4.81	0.24	2.97
01.02.2004	3.1	1.06	0.37	0.43	1.51	-0.6	0.9	-0.62	-0.08	-0.87	2.31	-1.25
01.03.2004	-3.32	0.88	-0.25	-2.39	-1.18	2.22	0.4	0.26	15.03	7.4	3.52	11.03
01.04.2004	-1.23	-0.96	0.86	-1.77	-2.19	-1.84	-2.83	-5.28	-4.54	7.96	-3.81	3.51
01.05.2004	1.42	-0.99	-0.84	-0.19	1.26	-0.2	0.52	1.89	-3.35	-3.37	0.25	-5.69
01.06.2004	1.99	1.09	0.98	2.08	2.04	1.54	1.3	2	5.39	5.92	-1.14	2.84
01.07.2004	-3.12	0.08	0.45	0.36	-3.81	-3.56	3.99	-2	-6.78	-1.31	4.65	-5.22
01.08.2004	0.37	-0.46	1.32	1.26	0.04	-1.43	1.48	-1.31	0.99	0.32	-1.11	2.55
01.09.2004	4.01	0.22	0.74	2.39	2.08	3.91	0.02	5.21	-3.18	-1.44	3.18	-2.71
01.10.2004	4.06	0.04	0.69	0	1.66	0.53	0.06	-0.95	2.38	-0.29	0.41	-1.09
01.11.2004	6.86	2.09	1.73	0.89	4.63	4.13	1.14	3.3	3.81	-0.72	-0.4	-0.41
01.12.2004	4.25	0.37	0.72	0.87	3.31	-0.25	-0.24	-2.45	5.03	-1.14	0.91	0.99
01.01.2005	-1.25	3.56	1.57	0.87	-2.66	-1.31	1.79	3.23	-1.2	6.49	0.54	2.57
01.02.2005	4.59	0.77	1.04	1.58	2.19	-0.13	1.76	3.75	1.71	1.59	2.28	0.53
01.03.2005	-2.57	-0.17	0.24	0.31	-1.69	-1.6	1.58	0.96	-1.51	1.38	3.44	0.06
01.04.2005	-2.59	0.54	-0.11	0.87	-2.88	-4.04	-0.21	-0.96	-2.17	2.6	0.47	1.38
01.05.2005	-0.03	-1.66	1.18	1.62	3.49	2.49	-0.87	0.25	-2.61	-2.09	0.24	-0.45
01.06.2005	1.53	0.95	1.64	3.27	0.92	2.82	2.49	2.83	0.73	1.94	-0.35	0.2
01.07.2005	3.82	0.34	1.34	1.14	4.03	2.7	-1.35	0.75	0.66	1.58	-1.04	1.92
01.08.2005	2.02	2.13	-0.11	2.68	-0.71	-0.41	1.5	3.56	6.67	-3.75	-0.7	1.35
01.09.2005	1.48	-0.35	0.12	2.93	0.91	0.09	1.39	3.88	7.93	-6.44	3.15	2.19
01.10.2005	-3.41	-1.19	0.41	-1.75	-2.52	-1.94	-0.41	-2.59	-0.35	2.2	1.15	3.42
01.11.2005	1.29	-0.29	0.56	1.36	3.88	1.23	-0.79	0.75	2.93	0.02	-2.15	0.84
01.12.2005	3.8	0.61	0.44	1.49	0.14	0.27	0.24	1.57	9.45	4.7	-6.14	4.68
01.01.2006	6.38	2.24	1.74	4.23	3.48	5.81	0.32	4.73	3.54	-0.25	2.44	-0.49
01.02.2006	0.55	2.1	1.45	0.75	-0.54	-0.55	0.71	-2.79	-2.58	-5.04	3.74	-3.17
01.03.2006	3.99	0.74	1.71	2.28	1.39	2.88	0.09	1.75	2.67	0.36	-1.09	1.21
01.04.2006	5.25	1.83	-0.32	2.95	1.15	-0.18	2.61	1.63	2.09	-1.23	1.39	-0.84
01.05.2006	-3.64	-0.95	-0.55	-2.86	-3.37	-2.72	2.39	-2.73	-7.4	-2.84	2.7	-4.7
01.06.2006	-0.21	-1.61	-0.51	-1.22	-0.55	-0.86	0.69	0.28	-1.77	-1.58	-0.47	0.6
01.07.2006	1.01	-1.8	1.61	0.11	-0.74	-3.11	2.68	-1.2	-2.2	-5.96	5.26	0.6
01.08.2006	2.7	-0.27	0.39	-0.16	2.12	0.58	-1.02	-3.26	1.31	0.72	-1.77	-0.82
01.09.2006	0.69	0.08	0.32	1.21	1.33	-2.37	0.78	-1.7	-2.07	-1.39	0.53	0.18
01.10.2006	3.82	0.09	1.5	0.61	3.27	2.34	-0.99	0.06	1.25	-2.35	-1.1	0.45
01.11.2006	3.76	2.58	0.34	1.71	1.74	-0.08	0.14	-0.5	-0.45	-1.97	2.15	1.15
01.12.2006	3.32	0.97	0.55	2.82	0.65	-0.81	2.44	0.55	1.42	-1.99	1.22	3.65
01.01.2007	0.61	1.88	0.77	0.93	1.23	-0.07	-0.68	0.7	0.4	0.49	0.22	-1.98
01.02.2007	-0.51	1.23	-0.09	1.24	-1.75	1.56	0.33	-0.76	3.46	-1.2	2.75	0.09
01.03.2007	3.71	0.68	0.04	1.98	0.9	-0.03	0.29	2.13	-1.7	0.14	2.67	1.59
01.04.2007	5.54	-0.26	1.26	0.54	3.86	-1.39	-1.18	0.49	-2.75	-1.53	2.47	4.75
01.05.2007	1.56	-0.72	0.56	1.21	3.68	-0.12	0.46	-0.18	0.37	-3.66	0.16	0.06
01.06.2007	-0.16	-0.66	0.4	-0.56	-1.74	0.59	-0.66	0.35	-0.32	2.96	-0.66	2.06
01.07.2007	-2.22	1.81	-0.36	1.67	-3.43	-2.47	-2.8	2.71	-0.42	0.6	0.44	2.87
01.08.2007	-2.08	-3.16	-0.06	-0.14	0.68	-1.01	-1.36	-0.06	-3.8	-3.35	1.47	1.72
01.09.2007	4.82	-3.72	-0.85	3.44	3.82	-1.13	-2.24	5.13	1.41	-2.74	0.06	6.23
01.10.2007	4.34	0.42	-0.92	3.93	2.33	1.01	-4.16	5.53	0.07	3.53	-5.29	-4.26
01.11.2007	-4.03	-4.77	-1.76	1.88	-5.45	-3.82	-0.98	-0.8	-2.29	-1.51	0.24	-3.16
01.12.2007	-2.1	-0.86	1.22	2.11	-0.56	0.64	-0.79	5.24	-3.99	-2.13	2.16	-0.32
01.01.2008	-10.01	0.38	-0.01	0.44	-6.38	-1.57	5.15	-8.47	-4.9	-0.86	3.85	-1.82
01.02.2008	1.96	2.71	-0.51	1.76	-2.24	0.46	-0.22	6.98	1.01	2.06	-0.64	2.16
01.03.2008	0.26	-0.57	2.37	0.23	-1.3	-0.33	0.39	0.74	-3.71	3.12	1.7	3.03
01.04.2008	4.41	-2.55	-0.01	0.15	4.73	-2.06	0.07	1.54	6.22	-6.42	-1.29	-8.58
01.05.2008	0.85	0.48	-1.17	4.4	2.41	3.05	-2.74	3.46	2.03	1.23	1.18	-3.55
01.06.2008	-8.68	1.68	-0.7	9.49	-7.9	1.02	-2.8	11.24	-6.61	1.19	3.68	4.67
01.07.2008	-3.83	-2.16	0.95	-2.23	-1.54	2.32	1.69	-7.75	-3.12	-1.46	2.31	0.85
01.08.2008	-4.57	0.11	-0.09	-4.99	1	1.92	1.07	-5.14	-4.36	-2.87	1.13	3.39
01.09.2008	-15.07	-3.1	0.91	3.77	-9.96	-1.54	4.07	-2.69	-10.5	1.12	5.22	0.88
01.10.2008	-22.02	-4.91	-3.53	10.14	-18.41	-3.98	-0.48	5.49	-13.55	3.94	4.53	8.45
01.11.2008	-7.18	-0.99	-3.63	2.39	-7.74	-4.17	-3.11	5.57	0.05	3.96	-0.03	5.78
01.12.2008	6.7	-1.47	1.21	-0.72	1.5	4.94	-1.57	-3.76	8.57	0.78	0.26	1.23
01.01.2009	-10.99	4.92	-4.05	3.32	-7.52	-0.48	-7.26	-2.61	-6.5	3.69	-0.1	-1.05
01.02.2009	-9.96	4.55	-4.23	4.5	-9.89	-0.08	-5.54	2.37	-11.93	-1.14	0.6	-0.56
01.03.2009	6.94	-2.54	1.46	-10.31	8.81	0.17	1.01	-8.07	1.3	0.08	0.72	-10.54
01.04.2009	13.67	1.81	6.66	-26.09	10.49	5.29	4.25	-25	8.05	-3.82	-1.39	-15.6
01.05.2009	12.86	1.27	-1.24	-7.71	6.68	-1.21	-0.08	-10.78	10.89	2.19	-3.44	-8.94
01.06.2009	-1.87	1.56	-1.19	2.46	-0.22	2.14	-3.08	4.75	2.85	4.52	0.05	-3.62
01.07.2009	10.18	-3.92	3.78	-1.56	8.14	1.35	4.59	-4.85	4.06	-1.39	0.61	-1.42
01.08.2009	5.65	1.85	7.53	-9.28	3.02	-0.57	5.49	-6.55	3.4	2.95	-0.39	-0.65
01.09.2009	5.43	1.68	1.13	-2.8	4.54	2.87	1.51	-4.03	-0.84	2.11	-4.82	3.27
01.10.2009	-1.85	1.63	-3.28	3.7	-2.75	-3.43	-2.6	0.42	-2.29	-0.58	1.23	-0.72
01.11.2009	3	-2.04	-1.22	1.91	5.76	-2.19	-0.15	1.96	-2	-3.07	-4	-3.52
01.12.2009	0.94	-1.82	-1.24	0.21	3.02	5.43	0.19	2.58	0.22	-3.79	6.21	6.29
01.01.2010	-5.28	4.7	-1.87	0.54	-3.63	0.53	0.64	-4.49	2.34	0.37	0.28	-3.01
01.02.2010	-2.1	-0.71	-1.79	0.24	3.71	0.84	2.73	3.49	0.76	1.01	-1.33	-2
01.03.2010	6.41	-1.13	4.27	5.15	6.27	1.53	1.4	3.57	4.83	-1.49	6.13	3.17
01.04.2010	-1.66	3.19	-0.29	2.2	1.92	3.75	2.06	2.02	0.53	4.48	1.07	0.45
01.05.2010	-12.05	-0.2	-3.59	0.96	-7.86	0.65	-2.2	-0.79	-7.93	1.91	-3.5	-1.35
01.06.2010	-0.98	0.11	-2.22	1.65	-5.5	-1.06	-3.82	-2.5	-0.64	1.86	-3.18	-1.49
01.07.2010	11.88	-2.04	4.59	-1.86	6.95	-0.04	1.08	1.56	2.94	-1.37	-1.36	1.68
01.08.2010	-4.26	-0.11	-2.69	3.8	-4.45	-1.69	-2.17	1.05	-2.61	-0.81	0.71	0.32
01.09.2010	11.56	0.98	-0.26	4.35	9.47	3.75	-1.83	1.54	4.69	-0.55	-1.59	1.78
01.10.2010	4.98	0.49	0.07	0.19	3.89	0.9	-1.4	0.99	1.23	-3.44	-0.85	-0.17
01.11.2010	-8.03	1.15	-3.42	7.91	0.81	3.84	0.04	2.33	1.97	0.74	0.28	-1.76
01.12.2010	9.04	2.26	1.17	1.88	6.83	1.23	3.45	-2.1	7.55	2.84	1.33	-0.11
01.01.2011	3.68	-0.43	5.47	-5.51	1.98	-2.24	1.33	-0.51	0.4	1.86	0.97	1.76
01.02.2011	3.06	-1.15	0.7	-0.17	4.01	2.02	0.4	2.09	4.83	-0.19	1.09	0.51
01.03.2011	-0.17	2.17	-1.85	2.18	0.43	2.15	-1.72	2.33	-8.67	2.14	1.32	1.49
01.04.2011	8.14	-1.12	-0.76	2.49	2.79	0.04	-2.28	0.07	0.78	-1	-1.91	2.97
01.05.2011	-3.06	0.16	-2.25	0.6	-1.48	-1.18	-1.45	-0.61	-1.62	-0.17	-0.12	0.56
01.06.2011	-2.05	-1.36	0.08	2.34	-1.87	-0.78	-0.23	1.42	2.52	1.31	2.28	-1.22
01.07.2011	-3.33	0.32	-4.05	1.62	-2.28	-0.84	-1.96	1.1	4.03	0.55	-0.42	1.73
01.08.2011	-10.1	0.76	-3.79	-0.42	-5.92	-2.84	-1.85	-1.05	-7.51	4.52	0.26	-2.34
01.09.2011	-11.61	-1.08	-1.88	-1.19	-8.57	-4.08	-0.55	-3.29	-0.46	-1.08	3.36	-4
01.10.2011	10.97	-3.4	-1.23	0.1	11.56	3.32	-0.05	-0.39	-1.19	-2.17	-2.43	0.7
01.11.2011	-4.84	-2.55	-3.36	6.22	-0.46	-0.74	-0.24	3.02	-3.78	1.97	0.43	0.86
01.12.2011	-2.2	-0.98	-1.06	2.86	0.33	-0.78	2.89	1.15	1.25	0.9	1.42	1.8
01.01.2012	5.68	2.75	1.06	-8.99	5.27	2.54	-2.95	-5.87	4.28	2.15	2.47	-3.17
01.02.2012	6.41	1.52	-0.36	-1.86	4.32	-1.44	0.14	0.39	3.5	-3.2	0.45	-8.52
01.03.2012	0.02	0.66	-1.41	3.83	2.4	-1.29	0.72	2.42	1.41	1.49	-0.68	1.93
01.04.2012	-2.23	1.37	-4.19	8.94	-0.64	-1.06	-0.3	3.02	-1.78	3.58	-2.29	4.52
01.05.2012	-12.32	0.2	-2.58	7.43	-6.69	-0.53	0.44	6.29	-8.41	0.29	-0.71	3.59
01.06.2012	7.13	-4.62	3.13	-3.77	3.74	0.65	0.34	-0.25	4.71	-1.1	1.15	-1.04
01.07.2012	0.56	-1.19	-2.58	4.66	1.01	-2.42	0.72	1.86	-1.83	0.74	-3.41	6.76
01.08.2012	4.5	-0.18	3.19	-2.93	2.76	0.88	0.24	-2.32	-0.65	0.33	-2.66	4.21
01.09.2012	3.49	1.39	2.16	-0.91	2.8	0.96	0.68	-1.89	2.27	-0.5	1.11	0.77
01.10.2012	1.66	-0.72	1.78	0.58	-1.63	-0.75	3.72	0.44	-1.9	0.92	-1.65	0.12
01.11.2012	2.27	-2.48	-0.58	2.37	0.65	-0.09	-0.73	0.92	1.71	-0.68	0.84	-1.81
01.12.2012	3.38	2.31	3.03	-0.97	1.3	1.72	3.03	-2.13	3.83	-2.72	7.07	-3.32
01.01.2013	6.2	0.39	4.33	-0.4	5.33	0.35	1.54	-0.64	3.78	1.91	-1.1	4.12
01.02.2013	-2.49	2.05	-3.35	4.54	0.96	-1.06	-0.01	2.2	2.86	0.48	-0.74	1.83
01.03.2013	-0.54	-0.46	-4.3	2.65	3.71	0.72	-0.15	2	5.5	4.86	-3.64	7.94
01.04.2013	4.16	-1.66	3.67	0.98	1.27	-2.84	-0.02	1.58	8.95	2.68	-4.3	7.19
01.05.2013	1.05	1.07	2.82	0.54	2.53	1.41	1.12	0.08	-5.3	0.34	-3.22	-6.42
01.06.2013	-4.64	2.3	-2.56	1.2	-1.52	0.88	0.52	0.98	0.83	-6.84	3.56	-1.69
01.07.2013	7.45	-1.63	2.8	3.6	5.69	1.75	-0.24	1.19	1.42	3.02	-0.48	2.18
01.08.2013	-0.7	2.77	0.51	-2.35	-2.53	0.48	-2.13	-0.81	-2.55	0.12	0.61	-3.36
01.09.2013	7.05	0.18	1.38	2.42	3.82	2.06	-1.42	3.28	8.79	2.43	-0.71	6.25
01.10.2013	4.49	-0.18	4.39	1.98	4.09	-1.77	0.65	0.15	-0.23	0.25	0.27	-2.03
01.11.2013	1.33	0.87	-0.42	2.55	2.79	0.93	-0.53	2.02	1.08	-2.55	0.5	1.04
01.12.2013	2.37	0.54	-0.2	1.5	2.64	-0.54	-0.08	0.32	0.8	0.44	-0.07	1.63
01.01.2014	-3.03	3.57	2.58	2.32	-3.42	1.12	-1.43	1.38	-2.66	5.9	-0.82	-2.44
01.02.2014	7.42	0.45	0.37	2.2	4.72	0.24	-0.42	1.6	-0.56	-2.48	0.79	-2.75
01.03.2014	-0.54	0.33	1.72	-0.99	0.62	-1.54	4.88	-3.07	-1.16	1.26	0.96	-3.01
01.04.2014	1.77	-2.19	0.29	-3.54	0.25	-3.63	1.78	-3.84	-2.33	0.31	0.27	-2.42
01.05.2014	0.77	-0.68	-0.41	-0.23	1.98	-1.93	-0.57	1	3.79	-0.96	-1.29	-0.4
01.06.2014	-0.12	0.12	-1.76	0.33	2.81	3.17	0.52	0.82	5.76	2.86	-0.06	0.13
01.07.2014	-4.1	-0.43	0.4	-0.58	-2.06	-4.05	-0.04	-0.3	0.77	0.33	-0.25	3.95
01.08.2014	-0.02	-0.97	-1.01	0.33	4.06	0.39	-1.01	1.07	-1.99	2.68	0.86	1.88
01.09.2014	-3.79	-2.28	-0.44	2.49	-2.45	-3.72	-2.62	0.27	-1.05	-1.64	-0.3	-0.41
01.10.2014	-2.7	-1.23	-3.09	1.08	2.03	2.59	-3.48	-0.76	-2.13	-2.98	-0.1	0.71
01.11.2014	2.12	-1.35	-1.82	-0.62	2.22	-2.21	-2.95	1.24	-0.05	-1.33	-0.45	-1.04
01.12.2014	-3.7	2.22	-2.35	1.98	-0.2	1.82	0.77	0.72	-0.85	1.77	1.86	1.16
01.01.2015	-0.31	-1.56	-3.52	3.51	-3.47	-1.05	-3.89	4.67	2.8	-0.16	-0.23	4.22
01.02.2015	6.21	0.99	1.96	-3.97	6.15	0.88	-1.35	-2.31	5.42	-4.44	1.95	-3.62
01.03.2015	-2.28	-0.51	-0.35	1.57	-1.2	2.53	-0.93	2.48	1.9	0.52	-3.12	0.7
01.04.2015	4.79	2.18	0.33	-2.14	1.11	-2.44	3.37	-6.84	3.49	-1.3	3.23	-2.7
01.05.2015	-0.15	1.66	-2.47	3.56	1	0.61	-1.79	5.79	0.89	-1.44	1.23	-0.65
01.06.2015	-2.84	2.03	0.15	0.91	-1.7	2.63	-1.32	2.87	-0.68	3.88	-2.24	1.62
01.07.2015	2.39	-0.81	-2.65	3.53	1.05	-4.24	-5.07	7.47	0.92	-0.51	-1.54	0.59
01.08.2015	-6.02	3.7	-1	2.12	-5.93	-0.22	3.45	-2.19	-5.3	1.97	1.64	-0.73
01.09.2015	-4.27	1.11	-3.63	4.28	-3.35	-3.13	0.72	3.27	-6.21	2.91	1.34	0.85
01.10.2015	6.19	-2.97	-0.77	-1.56	7.53	-2.13	0.52	-3.2	9.26	-5.07	0.88	-3.42
01.11.2015	-1.49	0.33	-2.8	2.61	0.45	2.73	-1.25	2.52	-0.16	2.59	-2.48	0.68
01.12.2015	-1.86	3.77	-1.25	4.01	-2.45	-2.79	-2.2	2.94	0.42	0.89	-0.57	2.39
01.01.2016	-6.43	-0.76	-1.49	1.15	-5.73	-4.12	4.02	-0.31	-7.58	0.82	-1.27	2.02
01.02.2016	-1.71	1.45	0.37	-0.7	0.26	1.11	0.91	-4.79	-1.94	2.4	-4.95	0.56
01.03.2016	6.7	1.71	1.19	-1.49	7	1.15	2	-4.15	5.06	3.82	-2.97	0.32
01.04.2016	2.38	-0.64	3.35	-3.91	1.12	2.26	3.72	-3.55	5.14	-0.8	-0.23	-0.53
01.05.2016	-0.38	1.53	-2.87	3.81	1.39	0.01	-2.61	2.43	-1.04	0.83	-0.81	1.4
01.06.2016	-5.01	-2.39	-1.64	7.1	-0.11	0.31	0.24	5.21	-2.47	2.56	-3.55	8.44
01.07.2016	4.44	1.54	0.21	-0.1	3.92	2.35	-2.9	-2.26	6.72	-1.57	6.44	-8.26
01.08.2016	0.78	1.61	1.93	-1.76	0.43	0.96	1.59	-3.44	-1.17	-2.49	4.6	-8.5
01.09.2016	0.95	0.92	-0.15	3.14	0.34	1.68	-1.07	0.19	2.67	4.38	-3.51	4.07
01.10.2016	-3.08	-0.77	6.36	-0.83	-2.05	-3.79	2.89	-0.05	1.6	0.11	3.58	-3.95
01.11.2016	-2.5	0.89	1.92	-2.05	4.54	4.62	6.78	-4.73	-3.88	-1.8	6.31	-7.02
01.12.2016	4.72	-0.83	1.99	-1.96	1.77	-0.36	3.1	-0.93	1.35	0.32	1.34	-2.21
01.01.2017	2.84	2.03	0.47	2.83	2.13	-0.8	-1.84	-0.29	3.83	2.05	-0.53	2.67
01.02.2017	0.68	-0.04	-2.6	-1.6	3.24	-1.13	-3.4	-2.25	1.13	2.56	0.8	-0.59
01.03.2017	4.27	-1.3	0.5	0.02	0.21	0.55	-2.95	-0.62	0.84	1.54	-2.77	1.7
01.04.2017	4.63	1.91	-1.3	0.23	0.84	0.1	-3.05	0.22	1.25	-1.47	0.33	-0.71
01.05.2017	5.03	0.02	-0.79	-0.43	0.93	-2.18	-4.28	1.36	2.95	2.75	-6.19	0.66
01.06.2017	-0.67	1.55	2.03	1.59	0.99	2.63	1.66	-0.26	1.17	1.58	1.24	0.44
01.07.2017	3.49	0.8	2.59	1.96	1.97	-1.24	0.08	1.64	2.33	1.8	0.51	1.39
01.08.2017	0.11	-0.06	-0.71	1.33	0.06	-1.25	-2.61	2.12	0.3	2.2	0.09	1.4
01.09.2017	2.72	-0.12	0.47	0.63	2.48	3	2.58	-0.64	1.71	-0.28	2.38	1.71
01.10.2017	0.59	-0.96	-0.13	1.22	1.98	-1.77	-1.69	4.92	4.12	-1.17	-0.59	1.5
01.11.2017	-0.01	-0.38	1.29	0.3	2.88	-0.11	-1.02	-0.01	2.6	0.36	-2.28	0.48
01.12.2017	1.47	1.55	0.5	-1.42	1.18	-0.28	-0.34	-1.9	1.29	1.89	1.96	0.97
01.01.2018	5.52	0.8	1.1	2.96	5.23	-2.6	-2.87	3.92	4.41	2.21	-2.86	1.79
01.02.2018	-5.35	1.22	-0.75	0.62	-3.95	-0.14	-2.74	3.64	-1.44	0.79	-1.82	-0.61
01.03.2018	-0.71	-0.56	-0.94	-0.43	-2.17	3.19	0.16	-1.23	-1.49	0.19	-3.7	-1.18
01.04.2018	2.2	-0.74	1.51	0.7	0.35	0.34	1.36	0.51	0.28	-2.56	4.4	-3.35
01.05.2018	-2.73	1.23	-4.99	2	2.51	3.44	-3.41	4	-1.32	2.04	-5.43	3.68
01.06.2018	-0.92	-0.85	-1.56	-0.66	0.39	0.15	-1.04	-1.3	-2.56	-0.67	-0.66	-1.7
01.07.2018	2.69	-1.91	0.4	-0.56	3.11	-2.28	0.79	-1.3	-0.13	-1.31	2.28	-2.64
01.08.2018	-2.65	0.88	-2.65	2.42	3.09	1.19	-5.77	5.04	-0.43	-0.01	-2.93	0.85
01.09.2018	0.12	-1.46	2.34	1.59	0.06	-2.14	-1.1	-0.09	2.78	-2.12	0.9	1.47
01.10.2018	-8.54	-1.7	1.47	-1.47	-7.81	-4.26	3.67	-2.33	-8.82	-0.47	3.9	-3.96
01.11.2018	-1.31	-1.18	-0.57	-2.09	1.62	-1.37	0.28	-1.87	0.83	0.8	-3.65	-0.59
01.12.2018	-4.59	-0.68	0.95	3.24	-9.52	-2.06	-0.81	1.24	-7.3	-4.38	4.29	1.48
01.01.2019	6.19	0.59	-0.95	-2.23	8.59	3.07	-1.15	-5.18	5.21	-1.02	-1.5	-4.47
01.02.2019	2.93	-1.47	-1.23	-1.15	3.39	2.41	-3.23	0.74	0.29	2.24	-3.64	1.06
01.03.2019	0.58	-1.76	-2.33	4.52	0.95	-3.03	-3.77	2.07	0.17	-0.26	-2.54	0.96
01.04.2019	3.7	0.1	-1.04	-4.39	3.9	-1.23	0.81	-2.09	1.21	-0.64	-1.43	-3.86
01.05.2019	-5.34	1.32	-1.54	8.5	-6.82	-0.81	-1.18	6.89	-3.8	0.69	-1.57	4.08
01.06.2019	5.87	-2.64	-1.32	-0.45	6.99	0.72	-1.18	-1.89	2.51	-0.37	0.1	-0.88
01.07.2019	-2.56	-1.28	0.09	1.39	1.07	-0.89	-0.69	1.51	0.34	1.44	-2.37	-0.74
01.08.2019	-2.4	-0.59	-1.96	3.28	-2.48	-3.15	-2.41	5.67	-1.28	-1.88	-2.38	2.24
01.09.2019	2.15	-0.89	3.08	-2.28	1.52	-1.05	6.13	-6.53	3.83	-1.06	3.3	-3.61
01.10.2019	3.27	0.93	-0.5	-1.19	1.83	0.19	-1.47	-0.85	4.83	0.41	2.42	-4.28
01.11.2019	1.77	2.07	-2.24	0.7	3.8	0.86	-2.79	-1.24	0.67	1.53	-1.97	0.53
01.12.2019	4.07	2.79	0.41	1.66	2.79	0.51	1.43	-1.14	2.08	0.75	0.94	0.78
